1.e-6	-136925.49810785835
2.e-6	-70662.06859090793
3.e-6	-48013.305790535305
4.e-6	-36508.94184848631
4.9999999999999996e-6	-29525.08392040813
5.999999999999999e-6	-24825.38782505199
7.e-6	-21442.082183287897
8.e-6	-18887.444563710094
9.e-6	-16888.69734383802
0.00001	-15281.216852551246
0.00002	-7920.774801843455
0.000030000000000000004	-5397.012777864444
0.00004	-4112.425579849705
0.00005000000000000001	-3331.3746767254124
0.00006000000000000001	-2805.1015822200393
0.00007000000000000001	-2425.8245897407187
0.00008	-2139.170348882447
0.00009	-1914.70191213353
0.0001	-1734.036194865911
0.0002	-904.6417242735167
0.00030000000000000003	-619.010926369295
0.0004	-473.20246960299943
0.0005	-384.3495057357956
0.0006000000000000001	-324.3695144924757
0.0007	-281.07429894716864
0.0008	-248.30650381380178
0.0009	-222.6151699395886
0.001	-201.9137563283405
0.002	-106.50589366790383
0.003	-73.42679198060347
0.004	-56.462496010062324
0.005	-46.08709130924253
0.006	-39.06177464829406
0.007	-33.97720370844028
0.008	-30.119830426368644
0.009000000000000001	-27.088972378116054
0.01	-24.6419516879514
0.02	-13.462492853205092
0.03	-9.532881416530111
0.04	-7.485625599525923
0.05	-6.2175518680709825
0.06	-5.349560013044338
0.07	-4.715276053757922
0.08	-4.229854354737359
0.09000000000000001	-3.8453481674155388
0.1	-3.532552438764908
0.11	-3.2726282614286424
0.12000000000000001	-3.052860057816616
0.13	-2.8643438974114304
0.13999999999999999	-2.700652225954728
0.15	-2.5570246971064656
0.16	-2.429857743863047
0.16999999999999998	-2.3163714303139282
0.18	-2.214385536777574
0.19	-2.122165171154425
0.19999999999999998	-2.03831190473801
0.21	-1.9616854695506156
0.22	-1.891346431619976
0.22999999999999998	-1.8265135488741404
0.24	-1.7665315938902004
0.25	-1.7108467553129558
0.26	-1.658987608621612
0.27	-1.6105502346554887
0.28	-1.5651864652024177
0.29000000000000004	-1.5225945128173366
0.30000000000000004	-1.4825114374844341
0.31	-1.4447070420901604
0.32	-1.4089788892883552
0.33	-1.37514820583498
0.34	-1.3430564947419497
0.35000000000000003	-1.3125627160830202
0.36000000000000004	-1.2835409277703003
0.37000000000000005	-1.2558783007805443
0.38	-1.2294734410534787
0.39	-1.2042349639840846
0.4	-1.1800802780865922
0.41000000000000003	-1.1569345427545241
0.42000000000000004	-1.134729771621874
0.43000000000000005	-1.1089181073759227
0.44	-1.0898578872641869
0.45	-1.0715067391555968
0.46	-1.0538209077210523
0.47000000000000003	-1.0367602055851193
0.48000000000000004	-1.0202876530636713
0.49000000000000005	-1.0043691609406824
0.5	-0.9889732503792205
0.51	-0.9740708049722689
0.52	-0.959634850694356
0.53	-0.9456403601438802
0.54	-0.9320640779917069
0.55	-0.9188843649924631
0.56	-0.9060810582861243
0.5700000000000001	-0.893635346030813
0.5800000000000001	-0.8815296546732168
0.5900000000000001	-0.8697475473886823
0.6	-0.8582736324152319
0.61	-0.8470934801701585
0.62	-0.8361935481786327
0.63	-0.8255611129648459
0.64	-0.8151842081604441
0.65	-0.8050515681751045
0.66	-0.7951525768520401
0.67	-0.7854772205989412
0.68	-0.7760160455436025
0.6900000000000001	-0.7667601183149119
0.7000000000000001	-0.7577009900945687
0.7100000000000001	-0.7488306636241702
0.7200000000000001	-0.74014156288667
0.73	-0.7316265052114564
0.74	-0.7232786755788564
0.75	-0.7150916029233845
0.76	-0.7070591382557424
0.77	-0.6991754344419411
0.78	-0.6914349274941716
0.79	-0.6838323192425034
0.8	-0.6763625612692955
0.81	-0.6690208399996956
0.8200000000000001	-0.6618025628517721
0.8300000000000001	-0.6547033453589363
0.8400000000000001	-0.6477189991855052
0.8500000000000001	-0.6408455209635033
0.86	-0.634079081885422
0.87	-0.6274160179934852
0.88	-0.6208528211113004
0.89	-0.6143861303685351
0.9	-0.6080127242735578
0.91	-0.6017295132928555
0.92	-0.5955335328995769
0.93	-0.5894219370566911
0.9400000000000001	-0.5833919921031417
0.9500000000000001	-0.5774410710140068
0.9600000000000001	-0.5715666480080057
0.9700000000000001	-0.5657662934778716
0.98	-0.5600376692210551
0.99	-0.5543785239500203
1.	-0.5487866890629947
1.01	-0.5432725432624335
1.02	-0.5378460330005577
1.03	-0.5325042391636274
1.04	-0.5272443635222965
1.05	-0.5220637227238807
1.06	-0.5169597426334371
1.07	-0.5119299530004842
1.08	-0.5069719824299197
1.09	-0.5020835536372874
1.1	-0.497262478969998
1.11	-0.49250665617745115
1.12	-0.4878140644142315
1.13	-0.48318276046169517
1.1400000000000001	-0.47861087515428524
1.15	-0.47409660999790404
1.16	-0.4696382339685188
1.17	-0.4652340804800321
1.18	-0.46088254451116817
1.19	-0.4565820798818474
1.2	-0.45233119667015154
1.21	-0.44812845876158103
1.22	-0.44397248152285806
1.23	-0.4398619295930404
1.24	-0.43579551478517975
1.25	-0.43177199409219935
1.26	-0.4277901677910807
1.27	-0.4238488776398064
1.28	-0.4199470051618863
1.29	-0.4160834700135907
1.3	-0.41225722842934553
1.31	-0.4084672717410027
1.32	-0.40471262496698057
1.33	-0.40099234546750373
1.34	-0.39730552166240574
1.35	-0.39365127180816684
1.36	-0.3900287428310598
1.37	-0.3864371092134671
1.38	-0.3828755719305934
1.3900000000000001	-0.3793433574349787
1.4	-0.37583971668634564
1.4100000000000001	-0.37236392422448006
1.42	-0.3689152772829567
1.43	-0.3654930949416577
1.44	-0.3620967173161471
1.45	-0.3587255047820648
1.46	-0.35537883723281816
1.47	-0.3520561133689353
1.48	-0.34875675001754014
1.49	-0.3454801814804893
1.5	-0.34222585890979484
1.51	-0.33899324970902756
1.52	-0.3357818369594652
1.53	-0.33259111886982295
1.54	-0.3294206082484552
1.55	-0.3262698319969817
1.56	-0.3231383306243498
1.57	-0.32002565778038417
1.58	-0.31693137980793806
1.5899999999999999	-0.3138550753127989
1.6	-0.3107963347505396
1.6099999999999999	-0.30775476002956204
1.62	-0.3047299641296004
1.63	-0.30172157073500405
1.6400000000000001	-0.29872921388214224
1.65	-0.2957525376203116
1.6600000000000001	-0.2927911956855578
1.67	-0.2898448511868472
1.6800000000000002	-0.28691317630405844
1.69	-0.28399585199728405
1.7000000000000002	-0.2810925677269598
1.71	-0.27820302118436224
1.72	-0.27532691803203146
1.73	-0.2724639716537134
1.74	-0.2696139029134097
1.75	-0.2667764399231698
1.76	-0.2639513178192505
1.77	-0.2611382785463119
1.78	-0.25833707064931233
1.79	-0.2555474490727916
1.8	-0.2527691749672445
1.81	-0.25000201550229817
1.82	-0.24724574368641727
1.83	-0.24450013819288685
1.84	-0.24176498319181094
1.85	-0.23904006818789947
1.8599999999999999	-0.23632518786381196
1.87	-0.23362014192884173
1.88	-0.23092473497273414
1.8900000000000001	-0.228238776324437
1.9	-0.2255620799156015
1.9100000000000001	-0.22289446414863734
1.92	-0.22023575176916665
1.9300000000000002	-0.21758576974269472
1.94	-0.21494434913534788
1.9500000000000002	-0.21231132499851835
1.96	-0.20968653625727918
1.97	-0.20706982560242093
1.98	-0.20446103938597904
1.99	-0.201860027520126
2.	-0.19926664337929945
2.01	-0.19668074370545174
2.02	-0.19410218851630978
2.0300000000000002	-0.19153084101652973
2.04	-0.18896656751164786
2.05	-0.18640923732472625
2.06	-0.18385872271559456
2.0700000000000003	-0.1813148988026012
2.08	-0.17877764348677783
2.09	-0.17624683737833946
2.1	-0.1737223637254337
2.1100000000000003	-0.1712041083450634
2.12	-0.1686919595561036
2.13	-0.16618580811434613
2.14	-0.1636855471494959
2.1500000000000004	-0.1611910721040576
2.16	-0.15870228067404335
2.17	-0.15621907275144353
2.1799999999999997	-0.15374135036839798
2.19	-0.1512690176430126
2.2	-0.14880198072676587
2.21	-0.14634014775345106
2.2199999999999998	-0.14388342878960214
2.23	-0.14143173578635893
2.24	-0.13898498253271785
2.25	-0.13654308461012954
2.26	-0.13410595934839054
2.27	-0.13167352578279656
2.2800000000000002	-0.12924570461250995
2.29	-0.1268224181601043
2.3	-0.1244035903322459
2.31	-0.12198914658148285
2.3200000000000003	-0.11957901386909686
2.33	-0.11717312062898944
2.34	-0.11477139673257164
2.35	-0.11237377345461752
2.3600000000000003	-0.10998018344006322
2.37	-0.10759056067170925
2.38	-0.10520484043880773
2.39	-0.10282295930650054
2.4000000000000004	-0.10044485508608914
2.41	-0.09807046680609999
2.42	-0.09569973468413318
2.4299999999999997	-0.09333260009946065
2.44	-0.09096900556635756
2.45	-0.08860889470813915
2.46	-0.08625221223188839
2.4699999999999998	-0.08389890390384658
2.48	-0.08154891652545182
2.49	-0.0792021979100046
2.5	-0.07685869685994295
2.51	-0.07451836314470384
2.52	-0.07218114747916293
2.5300000000000002	-0.06984700150262646
2.54	-0.06751587775836443
2.55	-0.06518772967366782
2.56	-0.06286251154041445
2.5700000000000003	-0.06054017849612803
2.58	-0.05822068650551904
2.59	-0.05590399234248822
2.6	-0.05359005357258606
2.6100000000000003	-0.05127882853591015
2.62	-0.048970276330429274
2.63	-0.04666435679572345
2.64	-0.044361030497126586
2.6500000000000004	-0.04206025871026142
2.66	-0.039762003405955704
2.67	-0.037466227235526506
2.6799999999999997	-0.03517289351642694
2.69	-0.032881966218242575
2.7	-0.030593409949025485
2.71	-0.028307189941962352
2.7199999999999998	-0.026023272042361323
2.73	-0.02374162269495439
2.74	-0.021462208931502635
2.75	-0.019184998358698024
2.76	-0.016909959146351405
2.77	-0.014637060015864733
2.7800000000000002	-0.012366270228972409
2.79	-0.010097559576748516
2.8	-0.007830898368873962
2.81	-0.005566257423153198
2.8200000000000003	-0.003303608055276741
2.83	-0.001042922068822616
2.84	0.001215828254514717
2.85	0.0034726701644628433
2.8600000000000003	0.005727630451495158
2.87	0.00798073545593947
2.88	0.010232011076875769
2.89	0.012481482780834274
2.9000000000000004	0.014729175610293632
2.91	0.01697511419198594
2.92	0.019219322745016032
2.9299999999999997	0.021461825088796238
2.94	0.023702644650802296
2.95	0.025941804474158392
2.96	0.028179327225049122
2.9699999999999998	0.030415235199969692
2.98	0.03264955033281347
2.99	0.034882294201803
3.	0.03711348803626913
3.01	0.03934315272327915
3.0200000000000005	0.04157130881412219
3.0300000000000002	0.043797976530649985
3.04	0.04602317577148307
3.05	0.04824692611807846
3.0599999999999996	0.05046924684066845
3.0700000000000003	0.05269015690407064
3.08	0.05490967497337074
3.09	0.05712781941948797
3.0999999999999996	0.05934460832461763
3.1100000000000003	0.061560059487557495
3.12	0.06377419042892318
3.13	0.0659870183962511
3.1399999999999997	0.06819856036899541
3.1500000000000004	0.07040883306341605
3.16	0.07261785293736767
3.17	0.0748256361949865
3.1799999999999997	0.07703219879127954
3.1900000000000004	0.07923755643661679
3.2	0.08144172460113297
3.21	0.08364471851903554
3.2199999999999998	0.0858465531928233
3.2300000000000004	0.08804724339742176
3.24	0.09024680368422855
3.25	0.09244524838507928
3.26	0.09464259161613142
3.2700000000000005	0.0968388472816698
3.2800000000000002	0.09903402907783165
3.29	0.10122815049626044
3.3	0.10342122482768423
3.3100000000000005	0.10561326516541991
3.3200000000000003	0.10780428440880996
3.33	0.10999429526658833
3.34	0.11218331026018058
3.3499999999999996	0.11437134172693675
3.3600000000000003	0.11655840182330068
3.37	0.11874450252791713
3.38	0.12092965564467584
3.3899999999999997	0.12311387280569686
3.4000000000000004	0.12529716547425807
3.41	0.12747954494766123
3.42	0.12966102236004795
3.4299999999999997	0.13184160868515604
3.4400000000000004	0.13402131473902323
3.45	0.13620015118263962
3.46	0.13837812852454856
3.4699999999999998	0.14055525712339645
3.4800000000000004	0.1427315471904339
3.49	0.14490700879196816
3.5	0.1470816518517708
3.51	0.14925548615343764
3.5200000000000005	0.15142852134270168
3.5300000000000002	0.1536007669297078
3.54	0.1557722322912385
3.55	0.15794292667290044
3.5600000000000005	0.1601128591912705
3.5700000000000003	0.16228203883599857
3.58	0.16445047447187366
3.59	0.16661817484084995
3.5999999999999996	0.16878514856403526
3.6100000000000003	0.1709514041436434
3.62	0.17311694996490756
3.63	0.17528179429796242
3.6399999999999997	0.1774459452996875
3.6500000000000004	0.1796094110155202
3.66	0.18177219938123035
3.67	0.18393431822466833
3.6799999999999997	0.186095775267478
3.6900000000000004	0.18825657812677687
3.7	0.19041673431680928
3.71	0.19257625125056665
3.7199999999999998	0.19473513624138017
3.7300000000000004	0.19689339650448445
3.74	0.1990510391585507
3.75	0.20120807122719597
3.76	0.203364499640464
3.7700000000000005	0.2055203312362769
3.7800000000000002	0.20767557276186477
3.79	0.2098302308751676
3.8	0.21198431214621416
3.8100000000000005	0.2141378230584733
3.8200000000000003	0.2162907700101836
3.83	0.21844315931566116
3.84	0.22059499720657993
3.8499999999999996	0.2227462898332333
3.8600000000000003	0.22489704326577298
3.87	0.22704726349542292
3.88	0.22919695643567783
3.8899999999999997	0.23134612792347675
3.9000000000000004	0.23349478372035648
3.91	0.23564292951358645
3.92	0.23779057091728306
3.9299999999999997	0.23993771347350623
3.9400000000000004	0.24208436265333466
3.95	0.24423052385792454
3.96	0.24637620241954927
3.9699999999999998	0.24852140360262298
3.9800000000000004	0.2506661326047034
3.99	0.25281039455748133
4.	0.25495419452775137
4.01	0.2570975375183657
4.0200000000000005	0.2592404284691737
4.03	0.261382872257944
4.04	0.2635248737012712
4.05	0.2656664375554696
4.0600000000000005	0.2678075685174489
4.07	0.2699482712255755
4.08	0.2720885502605238
4.09	0.27422841014610744
4.1	0.27636785535010056
4.11	0.27850689028504383
4.12	0.2806455193090386
4.13	0.28278374672652584
4.14	0.2849215767890555
4.15	0.2870590136960385
4.16	0.2891960615954916
4.17	0.29133272458476667
4.18	0.29346900671126963
4.19	0.2956049119731661
4.2	0.2977404443200786
4.21	0.2998756076537681
4.22	0.30201040582880945
4.23	0.3041448426532519
4.24	0.30627892188927097
4.25	0.3084126472538098
4.26	0.31054602241921003
4.2700000000000005	0.31267905101383187
4.28	0.3148117366226647
4.29	0.3169440827879302
4.3	0.3190760930096703
4.3100000000000005	0.32120777074633333
4.32	0.32333911941534355
4.33	0.3254701423936678
4.34	0.3276008430183678
4.35	0.3297312245871489
4.36	0.3318612903588978
4.37	0.3339910435542085
4.38	0.33612048735590794
4.39	0.3382496249095658
4.4	0.3403784593240009
4.41	0.34250699367177795
4.42	0.3446352309896964
4.43	0.3467631742792737
4.44	0.34889082650721837
4.45	0.35101819060589823
4.46	0.3531452694737989
4.47	0.3552720659759784
4.48	0.3573985829445122
4.49	0.3595248231789323
4.5	0.3616507894466605
4.51	0.36377648448343347
4.5200000000000005	0.3659019109937217
4.53	0.36802707165114523
4.54	0.37015196909887627
4.55	0.3722766059500444
4.5600000000000005	0.37440098478812844
4.57	0.37652510816734475
4.58	0.37864897861303304
4.59	0.38077259862203017
4.6	0.3828959706630448
4.61	0.3850190971770211
4.62	0.3871419805774995
4.63	0.3892646232509739
4.64	0.3913870275572392
4.65	0.393509195829737
4.66	0.39563113037589637
4.67	0.3977528334774666
4.68	0.39987430739084784
4.69	0.4019955543474172
4.7	0.40411657655384636
4.71	0.40623737619241895
4.72	0.4083579554213409
4.73	0.4104783163750475
4.74	0.4125984611645027
4.75	0.4147183918775006
4.76	0.41683811057895426
4.7700000000000005	0.4189576193111896
4.78	0.4210769200942249
4.79	0.42319601492605574
4.8	0.42531490578292963
4.8100000000000005	0.4274335946196176
4.82	0.429552083369687
4.83	0.43167037394576224
4.84	0.4337884682397871
4.85	0.43590636812328454
4.86	0.43802407544760646
4.87	0.44014159204418724
4.88	0.4422589197247889
4.89	0.44437606028174403
4.9	0.44649301548819664
4.91	0.4486097870983369
4.92	0.45072637684763606
4.93	0.4528427864530743
4.94	0.45495901761336877
4.95	0.45707507200919595
4.96	0.45919095130341236
4.97	0.46130665714127217
4.98	0.4634221911506403
4.99	0.46553755494220395
5.	0.4676527501096813
5.01	0.4697677782300268
5.02	0.4718826408636342
5.03	0.47399733955453416
5.04	0.47611187583059345
5.05	0.4782262512037091
5.06	0.48034046716999834
5.07	0.48245452520999066
5.08	0.4845684267888096
5.09	0.4866821733563621
5.1	0.4887957663475161
5.109999999999999	0.4909092071822788
5.12	0.49302249726597835
5.13	0.49513563798943216
5.14	0.4972486307291205
5.1499999999999995	0.49936147684735877
5.16	0.5014741776924599
5.17	0.5035867345989032
5.18	0.5056991488874952
5.1899999999999995	0.5078114218655295
5.2	0.509923554826948
5.21	0.5120355490524927
5.22	0.5141474058098648
5.2299999999999995	0.5162591263538735
5.24	0.5183707119265873
5.25	0.5204821637574807
5.26	0.5225934830635831
5.27	0.5247046710496205
5.28	0.5268157289081593
5.29	0.5289266578197448
5.3	0.531037458953043
5.31	0.5331481334649742
5.32	0.53525868250085
5.33	0.5373691071945047
5.34	0.5394794086684297
5.35	0.5415895880338998
5.36	0.5436996463911036
5.37	0.5458095848292687
5.38	0.547919404426788
5.39	0.5500291062513408
5.3999999999999995	0.5521386913600156
5.41	0.55424816079943
5.42	0.5563575156058492
5.43	0.558466756805302
5.4399999999999995	0.5605758854136981
5.45	0.5626849024369395
5.46	0.5647938088710346
5.47	0.5669026057022105
5.4799999999999995	0.5690112939070192
5.49	0.5711198744524485
5.5	0.5732283482960275
5.51	0.5753367163859339
5.52	0.5774449796610958
5.53	0.5795531390512957
5.54	0.5816611954772727
5.55	0.5837691498508212
5.56	0.5858770030748907
5.57	0.5879847560436847
5.58	0.5900924096427546
5.59	0.5921999647490969
5.6	0.5943074222312478
5.61	0.5964147829493743
5.62	0.5985220477553667
5.63	0.6006292174929303
5.64	0.6027362929976736
5.6499999999999995	0.6048432750971968
5.66	0.6069501646111803
5.67	0.6090569623514692
5.68	0.6111636691221596
5.6899999999999995	0.6132702857196826
5.7	0.6153768129328872
5.71	0.6174832515431214
5.72	0.6195896023243153
5.7299999999999995	0.6216958660430598
5.74	0.6238020434586857
5.75	0.6259081353233418
5.76	0.6280141423820718
5.77	0.630120065372892
5.78	0.6322259050268646
5.79	0.6343316620681732
5.8	0.6364373372141958
5.81	0.6385429311755779
5.82	0.6406484446563037
5.83	0.642753878353767
5.84	0.6448592329588412
5.85	0.6469645091559482
5.86	0.6490697076231275
5.87	0.6511748290321029
5.88	0.6532798740483499
5.89	0.6553848433311598
5.8999999999999995	0.6574897375337068
5.91	0.6595945573031117
5.92	0.6616993032805052
5.93	0.663803976101091
5.9399999999999995	0.6659085763942065
5.95	0.668013104783387
5.96	0.6701175618864228
5.97	0.6722219483154215
5.9799999999999995	0.6743262646768666
5.99	0.676430511571676
6.	0.678534689595258
6.01	0.6806387993375718
6.02	0.6827428413831798
6.03	0.6848468163113091
6.04	0.686950724695899
6.05	0.689054567105662
6.06	0.6911583441041353
6.07	0.6932620562497327
6.08	0.6953657040957983
6.09	0.6974692881906597
6.1	0.6995728090776774
6.11	0.7016762672952965
6.12	0.7037796633770961
6.13	0.7058829978518402
6.14	0.7079862712435263
6.1499999999999995	0.7100894840714329
6.16	0.7121926368501688
6.17	0.7142957300897188
6.18	0.7163987642954923
6.1899999999999995	0.7185017399683689
6.2	0.7206046576047433
6.21	0.7227075176965714
6.22	0.7248103207314154
6.2299999999999995	0.7269130671924864
6.24	0.7290157575586909
6.25	0.73111839230467
6.26	0.7332209719008465
6.27	0.7353234968134628
6.28	0.7374259675046271
6.29	0.7395283844323508
6.3	0.741630748050591
6.31	0.7437330588092921
6.32	0.7458353171544228
6.33	0.7479375235280177
6.34	0.7500396783682162
6.35	0.7521417821092999
6.36	0.7542438351817322
6.37	0.7563458380121941
6.38	0.7584477910236236
6.39	0.7605496946352517
6.3999999999999995	0.7626515492626382
6.41	0.764753355317709
6.42	0.7668551132087902
6.43	0.7689568233406447
6.4399999999999995	0.7710584861145073
6.45	0.7731601019281185
6.46	0.775261671175757
6.47	0.777363194248277
6.4799999999999995	0.779464671533139
6.49	0.7815661034144439
6.5	0.7836674902729641
6.51	0.7857688324861776
6.52	0.7878701304282993
6.53	0.7899713844703127
6.54	0.7920725949800003
6.55	0.7941737623219751
6.56	0.7962748868577121
6.57	0.7983759689455765
6.58	0.800477008940855
6.59	0.8025780071957858
6.6	0.8046789640595857
6.61	0.806779879878482
6.62	0.8088807549957377
6.63	0.8109815897516837
6.64	0.8130823844837438
6.6499999999999995	0.8151831395264624
6.66	0.8172838552115353
6.67	0.8193845318678321
6.68	0.8214851698214265
6.6899999999999995	0.8235857693956214
6.7	0.8256863309109761
6.71	0.8277868546853298
6.72	0.8298873410338306
6.7299999999999995	0.8319877902689596
6.74	0.8340882027005552
6.75	0.8361885786358387
6.76	0.8382889183794389
6.77	0.8403892222334168
6.78	0.842489490497289
6.79	0.844589723468052
6.8	0.8466899214402055
6.81	0.8487900847057763
6.82	0.8508902135543412
6.83	0.8529903082730492
6.84	0.8550903691466447
6.85	0.8571903964574903
6.86	0.8592903904855878
6.87	0.861390351508601
6.88	0.8634902798018775
6.89	0.8655901756384698
6.8999999999999995	0.8676900392891562
6.91	0.8697898710224627
6.92	0.8718896711046822
6.93	0.8739894397998975
6.9399999999999995	0.8760891773699995
6.95	0.8781888840747094
6.96	0.8802885601715951
6.97	0.8823882059160957
6.9799999999999995	0.8844878215615373
6.99	0.8865874073591546
7.	0.8886869635581081
7.01	0.8907864904055045
7.02	0.8928859881464157
7.03	0.8949854570238953
7.04	0.8970848972789995
7.05	0.899184309150804
7.06	0.9012836928764212
7.07	0.9033830486910202
7.08	0.9054823768278422
7.09	0.9075816775182193
7.1	0.9096809509915917
7.11	0.9117801974755237
7.12	0.9138794171957219
7.13	0.9159786103760512
7.14	0.9180777772385524
7.15	0.9201769180034574
7.16	0.922276032889205
7.17	0.9243751221124592
7.18	0.9264741858881229
7.1899999999999995	0.9285732244293556
7.2	0.9306722379475876
7.21	0.9327712266525348
7.22	0.9348701907522163
7.2299999999999995	0.9369691304529677
7.24	0.9390680459594576
7.25	0.9411669374746998
7.26	0.9432658052000709
7.27	0.9453646493353236
7.28	0.9474634700786007
7.29	0.9495622676264504
7.3	0.9516610421738394
7.31	0.9537597939141673
7.32	0.9558585230392804
7.33	0.957957229739486
7.34	0.9600559142035647
7.35	0.9621545766187849
7.36	0.9642532171709164
7.37	0.9663518360442411
7.38	0.96845043342157
7.39	0.9705490094842526
7.4	0.9726475644121915
7.41	0.9747460983838545
7.42	0.9768446115762874
7.43	0.9789431041651262
7.4399999999999995	0.9810415763246096
7.45	0.9831400282275911
7.46	0.9852384600455502
7.47	0.9873368719486064
7.4799999999999995	0.9894352641055284
7.49	0.991533636683749
7.5	0.9936319898493726
7.51	0.9957303237671908
7.52	0.9978286386006907
7.53	0.999926934512068
7.54	1.0020252116622377
7.55	1.0041234702108441
7.56	1.0062217103162736
7.57	1.0083199321356635
7.58	1.0104181358249147
7.59	1.012516321538701
7.6	1.0146144894304796
7.61	1.0167126396525032
7.62	1.0188107723558273
7.63	1.0209088876903234
7.64	1.0230069858046873
7.65	1.0251050668464508
7.66	1.027203130961989
7.67	1.029301178296533
7.68	1.0313992089941768
7.6899999999999995	1.033497223197891
7.7	1.035595221049528
7.71	1.0376932026898331
7.72	1.0397911682584553
7.7299999999999995	1.0418891178939547
7.74	1.0439870517338137
7.75	1.0460849699144423
7.76	1.0481828725711917
7.77	1.050280759838361
7.78	1.0523786318492057
7.79	1.0544764887359477
7.8	1.056574330629783
7.81	1.0586721576608904
7.82	1.0607699699584408
7.83	1.0628677676506053
7.84	1.0649655508645628
7.85	1.0670633197265098
7.86	1.0691610743616673
7.87	1.0712588148942892
7.88	1.0733565414476707
7.89	1.075454254144157
7.9	1.0775519531051498
7.91	1.0796496384511156
7.92	1.0817473103015933
7.93	1.083844968775203
7.9399999999999995	1.0859426139896529
7.95	1.0880402460617467
7.96	1.0901378651073907
7.97	1.092235471241602
7.9799999999999995	1.0943330645785159
7.99	1.0964306452313932
8.	1.0985282133126257
8.01	1.1006257689337462
8.02	1.1027233122054336
8.030000000000001	1.104820843237521
8.040000000000001	1.106918362139001
8.05	1.1090158690180343
8.06	1.1111133639819561
8.07	1.1132108471372832
8.08	1.115308318589719
8.09	1.1174057784441627
8.1	1.119503226804714
8.110000000000001	1.12160066377468
8.120000000000001	1.1236980894565816
8.13	1.1257955039521612
8.14	1.1278929073623873
8.15	1.1299902997874618
8.16	1.1320876813268257
8.17	1.1341850520791656
8.18	1.1362824121424202
8.19	1.1383797616137856
8.200000000000001	1.1404771005897216
8.21	1.1425744291659579
8.22	1.1446717474374994
8.23	1.146769055498633
8.24	1.148866353442933
8.25	1.150963641363266
8.26	1.153060919351798
8.27	1.1551581874999988
8.280000000000001	1.1572554458986495
8.290000000000001	1.1593526946378452
8.3	1.1614499338070021
8.31	1.163547163494864
8.32	1.1656443837895056
8.33	1.1677415947783394
8.34	1.1698387965481205
8.35	1.1719359891849512
8.360000000000001	1.174033172774288
8.370000000000001	1.1761303474009435
8.38	1.1782275131490956
8.39	1.1803246701022891
8.4	1.182421818343444
8.41	1.1845189579548572
8.42	1.1866160890182094
8.43	1.1887132116145689
8.44	1.1908103258243983
8.450000000000001	1.1929074317275579
8.46	1.1950045294033094
8.47	1.1971016189303232
8.48	1.1991987003866813
8.49	1.2012957738498828
8.5	1.2033928393968478
8.51	1.2054898971039218
8.52	1.2075869470468827
8.530000000000001	1.209683989300941
8.540000000000001	1.2117810239407474
8.55	1.213878051040397
8.56	1.2159750706734327
8.57	1.2180720829128495
8.58	1.2201690878310996
8.59	1.2222660855000962
8.6	1.224363075991218
8.610000000000001	1.2264600593753128
8.620000000000001	1.2285570357227014
8.63	1.2306540051031838
8.64	1.232750967586041
8.65	1.2348479232400393
8.66	1.2369448721334362
8.67	1.2390418143339814
8.68	1.2411387499089241
8.69	1.2432356789250132
8.700000000000001	1.2453326014485058
8.71	1.2474295175451655
8.72	1.2495264272802706
8.73	1.2516233307186164
8.74	1.2537202279245185
8.75	1.2558171189618172
8.76	1.2579140038938812
8.77	1.2600108827836103
8.780000000000001	1.2621077556934397
8.790000000000001	1.2642046226853436
8.8	1.266301483820839
8.81	1.2683983391609892
8.82	1.2704951887664058
8.83	1.2725920326972546
8.84	1.2746888710132576
8.85	1.276785703773696
8.860000000000001	1.278882531037416
8.870000000000001	1.2809793528628266
8.88	1.28307616930791
8.89	1.2851729804302217
8.9	1.2872697862868914
8.91	1.2893665869346302
8.92	1.2914633824297317
8.93	1.2935601728280748
8.940000000000001	1.295656958185129
8.950000000000001	1.2977537385559546
8.96	1.2998505139952086
8.97	1.301947284557146
8.98	1.3040440502956236
8.99	1.306140811264103
9.	1.3082375675156528
9.01	1.310334319102953
9.02	1.312431066078296
9.03	1.3145278084935923
9.04	1.3166245464003705
9.05	1.3187212798497825
9.06	1.320818008892604
9.07	1.3229147335792397
9.08	1.3250114539597242
9.09	1.327108170083727
9.1	1.329204882000553
9.11	1.3313015897591465
9.12	1.3333982934080935
9.13	1.335494992995624
9.14	1.3375916885696155
9.15	1.3396883801775954
9.16	1.3417850678667433
9.17	1.3438817516838946
9.18	1.3459784316755412
9.19	1.3480751078878355
9.2	1.3501717803665931
9.209999999999999	1.3522684491572952
9.22	1.3543651143050897
9.23	1.3564617758547945
9.24	1.3585584338509016
9.25	1.3606550883375774
9.26	1.3627517393586657
9.27	1.3648483869576906
9.28	1.366945031177858
9.29	1.3690416720620595
9.3	1.3711383096528729
9.31	1.3732349439925655
9.32	1.3753315751230963
9.33	1.3774282030861191
9.34	1.3795248279229828
9.35	1.381621449674735
9.36	1.383718068382125
9.37	1.3858146840856036
9.38	1.387911296825328
9.39	1.3900079066411621
9.4	1.3921045135726793
9.41	1.3942011176591642
9.42	1.3962977189396162
9.43	1.39839431745275
9.44	1.4004909132369976
9.45	1.4025875063305124
9.459999999999999	1.4046840967711693
9.47	1.4067806845965671
9.48	1.4088772698440302
9.49	1.4109738525506117
9.5	1.413070432753096
9.51	1.4151670104879983
9.52	1.4172635857915679
9.53	1.4193601586997904
9.54	1.42145672924839
9.55	1.4235532974728304
9.56	1.4256498634083161
9.57	1.4277464270897968
9.58	1.4298429885519668
9.59	1.431939547829268
9.6	1.434036104955892
9.61	1.4361326599657813
9.62	1.4382292128926304
9.63	1.4403257637698905
9.64	1.442422312630767
9.65	1.4445188595082246
9.66	1.4466154044349884
9.67	1.4487119474435446
9.68	1.4508084885661428
9.69	1.4529050278347986
9.7	1.4550015652812935
9.71	1.4570981009371782
9.72	1.4591946348337737
9.73	1.461291167002172
9.74	1.4633876974732403
9.75	1.465484226277619
9.76	1.4675807534457272
9.77	1.4696772790077615
9.78	1.471773802993698
9.79	1.4738703254332954
9.8	1.475966846356096
9.81	1.4780633657914242
9.82	1.4801598837683942
9.83	1.482256400315906
9.84	1.4843529154626485
9.85	1.486449429237103
9.86	1.488545941667543
9.87	1.4906424527820346
9.88	1.4927389626084402
9.89	1.4948354711744185
9.9	1.4969319785074267
9.91	1.4990284846347215
9.92	1.5011249895833614
9.93	1.503221493380207
9.94	1.5053179960519227
9.95	1.5074144976249788
9.96	1.509510998125652
9.97	1.5116074975800262
9.98	1.5137039960139964
9.99	1.5158004934532678
10.	1.5178969899233572
10.01	1.5199934854495962
10.02	1.5220899800571297
10.03	1.5241864737709208
10.04	1.5262829666157482
10.05	1.5283794586162107
10.06	1.5304759497967253
10.07	1.5325724401815328
10.08	1.5346689297946954
10.09	1.5367654186600987
10.1	1.5388619068014542
10.11	1.540958394242299
10.12	1.5430548810059987
10.13	1.5451513671157475
10.14	1.5472478525945692
10.15	1.5493443374653186
10.16	1.5514408217506834
10.17	1.5535373054731851
10.18	1.555633788655179
10.19	1.5577302713188577
10.2	1.55982675348625
10.21	1.5619232351792223
10.22	1.5640197164194818
10.23	1.566116197228575
10.24	1.5682126776278908
10.25	1.570309157638661
10.26	1.5724056372819601
10.27	1.5745021165787083
10.28	1.576598595549672
10.29	1.578695074215464
10.3	1.5807915525965464
10.31	1.5828880307132287
10.32	1.5849845085856726
10.33	1.5870809862338902
10.34	1.589177463677746
10.35	1.591273940936958
10.36	1.593370418031099
10.37	1.5954668949795963
10.38	1.597563371801735
10.39	1.599659848516656
10.4	1.60175632514336
10.41	1.6038528017007065
10.42	1.6059492782074154
10.43	1.608045754682069
10.44	1.6101422311431108
10.45	1.6122387076088478
10.46	1.614335184097452
10.47	1.6164316606269589
10.48	1.6185281372152722
10.49	1.6206246138801614
10.5	1.6227210906392644
10.51	1.624817567510088
10.52	1.6269140445100085
10.53	1.6290105216562736
10.54	1.631106998966002
10.55	1.633203476456186
10.56	1.6352999541436892
10.57	1.637396432045251
10.58	1.639492910177486
10.59	1.641589388556884
10.6	1.6436858671998122
10.61	1.6457823461225158
10.62	1.6478788253411176
10.63	1.6499753048716208
10.64	1.652071784729908
10.65	1.654168264931743
10.66	1.6562647454927726
10.67	1.6583612264285243
10.68	1.6604577077544107
10.69	1.6625541894857283
10.7	1.664650671637658
10.71	1.6667471542252674
10.72	1.6688436372635105
10.73	1.6709401207672288
10.74	1.6730366047511516
10.75	1.6751330892298977
10.76	1.6772295742179755
10.77	1.6793260597297837
10.78	1.6814225457796128
10.79	1.6835190323816445
10.8	1.6856155195499538
10.81	1.687712007298509
10.82	1.689808495641172
10.83	1.6919049845917014
10.84	1.6940014741637497
10.85	1.6960979643708662
10.86	1.698194455226498
10.87	1.7002909467439888
10.88	1.702387438936582
10.89	1.7044839318174188
10.9	1.7065804253995411
10.91	1.7086769196958917
10.92	1.7107734147193132
10.93	1.7128699104825522
10.94	1.7149664069982558
10.95	1.717062904278976
10.96	1.7191594023371675
10.97	1.7212559011851893
10.98	1.7233524008353065
10.99	1.7254489012996903
11.	1.7275454025904171
11.01	1.7296419047194715
11.02	1.7317384076987454
11.03	1.733834911540038
11.04	1.7359314162550605
11.05	1.7380279218554306
11.06	1.7401244283526776
11.07	1.7422209357582412
11.08	1.7443174440834734
11.09	1.7464139533396368
11.1	1.7485104635379076
11.11	1.7506069746893755
11.12	1.752703486805043
11.13	1.754799999895828
11.14	1.7568965139725625
11.15	1.7589930290459945
11.16	1.761089545126788
11.17	1.7631860622255242
11.18	1.7652825803527008
11.19	1.767379099518733
11.2	1.7694756197339563
11.21	1.7715721410086234
11.22	1.773668663352905
11.23	1.7757651867768958
11.24	1.7778617112906083
11.25	1.7799582369039764
11.26	1.7820547636268562
11.27	1.7841512914690254
11.28	1.7862478204401844
11.29	1.7883443505499577
11.3	1.7904408818078923
11.31	1.7925374142234596
11.32	1.794633947806056
11.33	1.7967304825650035
11.34	1.7988270185095498
11.35	1.8009235556488679
11.36	1.8030200939920586
11.37	1.8051166335481494
11.38	1.807213174326096
11.39	1.8093097163347807
11.4	1.8114062595830165
11.41	1.8135028040795447
11.42	1.8155993498330365
11.43	1.8176958968520922
11.44	1.8197924451452443
11.45	1.8218889947209556
11.46	1.8239855455876197
11.47	1.826082097753563
11.48	1.8281786512270444
11.49	1.8302752060162548
11.5	1.8323717621293194
11.51	1.8344683195742968
11.52	1.8365648783591795
11.53	1.838661438491895
11.54	1.840757999980306
11.55	1.8428545628322113
11.56	1.8449511270553434
11.57	1.8470476926573738
11.58	1.8491442596459091
11.59	1.851240828028494
11.6	1.8533373978126104
11.61	1.8554339690056794
11.62	1.857530541615058
11.63	1.8596271156480453
11.64	1.8617236911118773
11.65	1.8638202680137306
11.66	1.865916846360722
11.67	1.868013426159909
11.68	1.8701100074182893
11.69	1.8722065901428024
11.7	1.874303174340329
11.71	1.8763997600176932
11.72	1.878496347181659
11.73	1.8805929358389362
11.74	1.8826895259961762
11.75	1.884786117659974
11.76	1.8868827108368695
11.77	1.888979305533346
11.78	1.8910759017558318
11.79	1.8931724995107002
11.8	1.8952690988042706
11.81	1.8973656996428077
11.82	1.8994623020325219
11.83	1.9015589059795706
11.84	1.9036555114900593
11.85	1.9057521185700386
11.86	1.9078487272255082
11.87	1.9099453374624153
11.88	1.9120419492866554
11.89	1.9141385627040726
11.9	1.9162351777204596
11.91	1.9183317943415592
11.92	1.9204284125730637
11.93	1.9225250324206142
11.94	1.9246216538898047
11.95	1.926718276986177
11.96	1.9288149017152263
11.97	1.9309115280823965
11.98	1.9330081560930852
11.99	1.9351047857526416
12.	1.937201417066367
12.01	1.9392980500395143
12.02	1.9413946846772914
12.03	1.9434913209848572
12.04	1.9455879589673255
12.05	1.9476845986297644
12.06	1.949781239977194
12.07	1.9518778830145906
12.08	1.9539745277468854
12.09	1.9560711741789627
12.1	1.9581678223156649
12.11	1.960264472161788
12.12	1.9623611237220844
12.13	1.9644577770012632
12.14	1.9665544320039896
12.15	1.9686510887348856
12.16	1.9707477471985304
12.17	1.9728444073994607
12.18	1.9749410693421705
12.19	1.9770377330311124
12.2	1.9791343984706964
12.21	1.9812310656652916
12.22	1.9833277346192253
12.23	1.985424405336784
12.24	1.9875210778222145
12.25	1.989617752079722
12.26	1.9917144281134713
12.27	1.9938111059275891
12.28	1.9959077855261604
12.29	1.9980044669132322
12.3	2.0001011500928123
12.31	2.002197835068868
12.32	2.0042945218453303
12.33	2.0063912104260906
12.34	2.0084879008150027
12.35	2.010584593015883
12.36	2.0126812870325086
12.37	2.0147779828686208
12.38	2.0168746805279243
12.39	2.0189713800140856
12.4	2.021068081330734
12.41	2.0231647844814646
12.42	2.0252614894698358
12.43	2.0273581962993688
12.44	2.0294549049735497
12.45	2.0315516154958315
12.46	2.033648327869629
12.47	2.0357450420983234
12.48	2.03784175818526
12.49	2.0399384761337522
12.5	2.0420351959470766
12.51	2.044131917628477
12.52	2.0462286411811634
12.53	2.0483253666083123
12.54	2.050422093913066
12.55	2.052518823098535
12.56	2.0546155541677953
12.57	2.0567122871238923
12.58	2.0588090219698367
12.59	2.060905758708609
12.6	2.063002497343156
12.61	2.065099237876393
12.62	2.067195980311205
12.63	2.069292724650444
12.64	2.071389470896932
12.65	2.073486219053459
12.66	2.0755829691227845
12.67	2.0776797211076374
12.68	2.0797764750107177
12.69	2.0818732308346926
12.7	2.0839699885822016
12.71	2.086066748255853
12.72	2.0881635098582265
12.73	2.09026027339187
12.74	2.0923570388593062
12.75	2.0944538062630267
12.76	2.0965505756054936
12.77	2.098647346889141
12.78	2.1007441201163752
12.79	2.102840895289573
12.8	2.104937672411086
12.81	2.1070344514832327
12.82	2.1091312325083096
12.83	2.111228015488581
12.84	2.1133248004262883
12.85	2.1154215873236426
12.86	2.1175183761828293
12.87	2.119615167006006
12.88	2.121711959795305
12.89	2.1238087545528312
12.9	2.1259055512806633
12.91	2.1280023499808554
12.92	2.1300991506554343
12.93	2.132195953306401
12.94	2.1342927579357314
12.95	2.136389564545376
12.96	2.138486373137261
12.97	2.140583183713285
12.98	2.142679996275324
12.99	2.144776810825229
13.	2.1468736273648252
13.01	2.1489704458959156
13.02	2.1510672664202763
13.03	2.1531640889396617
13.040000000000001	2.1552609134558
13.05	2.157357739970399
13.06	2.159454568485139
13.07	2.161551399001679
13.08	2.1636482315216554
13.09	2.1657450660466804
13.1	2.167841902578343
13.11	2.169938741118209
13.12	2.172035581667824
13.13	2.1741324242287083
13.14	2.176229268802361
13.15	2.1783261153902598
13.16	2.1804229639938586
13.17	2.1825198146145905
13.18	2.184616667253867
13.19	2.1867135219130773
13.2	2.1888103785935895
13.21	2.190907237296751
13.22	2.1930040980238856
13.23	2.1951009607762986
13.24	2.197197825555275
13.25	2.1992946923620753
13.26	2.2013915611979433
13.27	2.2034884320641
13.28	2.2055853049617475
13.290000000000001	2.207682179892066
13.3	2.209779056856217
13.31	2.211875935855341
13.32	2.2139728168905597
13.33	2.2160696999629748
13.34	2.218166585073668
13.35	2.220263472223703
13.36	2.222360361414122
13.37	2.2244572526459496
13.38	2.2265541459201916
13.39	2.2286510412378333
13.4	2.2307479385998428
13.41	2.2328448380071686
13.42	2.2349417394607407
13.43	2.2370386429614717
13.44	2.2391355485102555
13.45	2.241232456107967
13.46	2.2433293657554647
13.47	2.245426277453587
13.48	2.2475231912031557
13.49	2.2496201070049757
13.5	2.251717024859834
13.51	2.253813944768498
13.52	2.255910866731722
13.53	2.2580077907502387
13.540000000000001	2.260104716824766
13.55	2.262201644956005
13.56	2.2642985751446396
13.57	2.266395507391337
13.58	2.268492441696747
13.59	2.2705893780615036
13.6	2.272686316486225
13.61	2.274783256971512
13.62	2.27688019951795
13.63	2.2789771441261077
13.64	2.281074090796538
13.65	2.283171039529779
13.66	2.285267990326351
13.67	2.287364943186761
13.68	2.2894618981114983
13.69	2.291558855101039
13.7	2.2936558141558416
13.71	2.295752775276352
13.72	2.2978497384629977
13.73	2.2999467037161936
13.74	2.3020436710363392
13.75	2.304140640423819
13.76	2.306237611879004
13.77	2.308334585402248
13.78	2.3104315609938926
13.790000000000001	2.3125285386542647
13.8	2.314625518383675
13.81	2.316722500182422
13.82	2.31881948405079
13.83	2.320916469989048
13.84	2.323013457997452
13.85	2.325110448076245
13.86	2.3272074402256546
13.87	2.3293044344458957
13.88	2.3314014307371704
13.89	2.3334984290996648
13.9	2.335595429533554
13.91	2.337692432038999
13.92	2.3397894366161482
13.93	2.3418864432651363
13.94	2.3439834519860847
13.95	2.3460804627791028
13.96	2.348177475644288
13.97	2.3502744905817226
13.98	2.352371507591477
13.99	2.3544685266736103
14.	2.356565547828169
14.01	2.358662571055185
14.02	2.3607595963546815
14.03	2.3628566237266657
14.040000000000001	2.364953653171136
14.05	2.367050684688077
14.06	2.3691477182774605
14.07	2.3712447539392487
14.08	2.3733417916733908
14.09	2.3754388314798245
14.1	2.3775358733584753
14.11	2.3796329173092587
14.12	2.3817299633320763
14.13	2.3838270114268214
14.14	2.385924061593373
14.15	2.3880211138316003
14.16	2.3901181681413624
14.17	2.3922152245225057
14.18	2.394312282974866
14.19	2.3964093434982683
14.2	2.398506406092528
14.21	2.4006034707574466
14.22	2.402700537492819
14.23	2.404797606298426
14.24	2.406894677174039
14.25	2.408991750119421
14.26	2.4110888251343217
14.27	2.4131859022184816
14.28	2.415282981371632
14.290000000000001	2.4173800625934923
14.3	2.4194771458837723
14.31	2.421574231242173
14.32	2.4236713186683843
14.33	2.425768408162086
14.34	2.427865499722949
14.35	2.4299625933506332
14.36	2.432059689044791
14.37	2.4341567868050635
14.38	2.436253886631083
14.39	2.438350988522471
14.4	2.4404480924788405
14.41	2.4425451984997966
14.42	2.4446423065849334
14.43	2.446739416733836
14.44	2.44883652894608
14.45	2.4509336432212336
14.46	2.453030759558855
14.47	2.4551278779584926
14.48	2.4572249984196874
14.49	2.459322120941971
14.5	2.461419245524866
14.51	2.463516372167887
14.52	2.465613500870539
14.53	2.4677106316323196
14.540000000000001	2.4698077644527165
14.55	2.4719048993312116
14.56	2.474002036267274
14.57	2.47609917526037
14.58	2.478196316309952
14.59	2.4802934594154697
14.6	2.48239060457636
14.61	2.484487751792055
14.62	2.4865849010619767
14.63	2.488682052385541
14.64	2.490779205762154
14.65	2.4928763611912146
14.66	2.494973518672115
14.67	2.497070678204239
14.68	2.4991678397869617
14.69	2.501265003419653
14.7	2.5033621691016728
14.71	2.5054593368323754
14.72	2.507556506611105
14.73	2.5096536784372017
14.74	2.511750852309996
14.75	2.5138480282288125
14.76	2.5159452061929675
14.77	2.5180423862017713
14.78	2.5201395682545265
14.790000000000001	2.522236752350528
14.8	2.5243339384890637
14.81	2.5264311266694164
14.82	2.52852831689086
14.83	2.5306255091526624
14.84	2.532722703454085
14.85	2.5348198997943805
14.86	2.536917098172798
14.87	2.5390142985885786
14.88	2.541111501040956
14.89	2.5432087055291586
14.9	2.545305912052406
14.91	2.547403120609915
14.92	2.5495003312008926
14.93	2.551597543824542
14.94	2.5536947584800584
14.95	2.5557919751666307
14.96	2.5578891938834443
14.97	2.559986414629675
14.98	2.562083637404493
14.99	2.564180862207065
15.	2.56627808903655
15.01	2.5683753178921
15.02	2.5704725487728632
15.03	2.57256978167798
15.040000000000001	2.574667016606586
15.05	2.576764253557811
15.06	2.578861492530779
15.07	2.5809587335246085
15.08	2.583055976538412
15.09	2.5851532215712956
15.1	2.5872504686223614
15.11	2.5893477176907056
15.12	2.591444968775418
15.13	2.593542221875585
15.14	2.595639476990283
15.15	2.5977367341185893
15.16	2.5998339932595727
15.17	2.6019312544122943
15.18	2.6040285175758155
15.19	2.6061257827491886
15.2	2.6082230499314605
15.21	2.6103203191216764
15.22	2.6124175903188727
15.23	2.614514863522082
15.24	2.616612138730334
15.25	2.61870941594265
15.26	2.62080669515805
15.27	2.6229039763755457
15.28	2.625001259594147
15.290000000000001	2.6270985448128568
15.3	2.629195832030674
15.31	2.6312931212465926
15.32	2.633390412459603
15.33	2.6354877056686896
15.34	2.637585000872833
15.35	2.6396822980710084
15.36	2.6417795972621887
15.37	2.643876898445339
15.38	2.645974201619424
15.39	2.648071506783399
15.4	2.6501688139362196
15.41	2.652266123076834
15.42	2.6543634342041873
15.43	2.6564607473172215
15.44	2.6585580624148717
15.45	2.6606553794960712
15.46	2.662752698559747
15.47	2.664850019604825
15.48	2.6669473426302237
15.49	2.66904466763486
15.5	2.6711419946176447
15.51	2.673239323577487
15.52	2.6753366545132904
15.53	2.6774339874239557
15.540000000000001	2.679531322308377
15.55	2.6816286591654492
15.56	2.6837259979940598
15.57	2.685823338793093
15.58	2.687920681561431
15.59	2.6900180262979503
15.6	2.692115373001525
15.61	2.6942127216710245
15.62	2.696310072305316
15.63	2.6984074249032624
15.64	2.7005047794637216
15.65	2.7026021359855497
15.66	2.7046994944676
15.67	2.70679685490872
15.68	2.7088942173077557
15.69	2.7109915816635493
15.7	2.7130889479749385
15.71	2.71518631624076
15.72	2.7172836864598433
15.73	2.7193810586310185
15.74	2.721478432753111
15.75	2.7235758088249424
15.76	2.7256731868453317
15.77	2.727770566813095
15.78	2.7298679487270454
15.790000000000001	2.7319653325859914
15.8	2.7340627183887403
15.81	2.7361601061340943
15.82	2.7382574958208545
15.83	2.7403548874478183
15.84	2.7424522810137804
15.85	2.744549676517532
15.86	2.7466470739578606
15.87	2.748744473333554
15.88	2.7508418746433936
15.89	2.752939277886159
15.9	2.755036683060629
15.91	2.757134090165576
15.92	2.759231499199773
15.93	2.7613289101619882
15.94	2.7634263230509877
15.95	2.7655237378655366
15.96	2.7676211546043934
15.97	2.769718573266318
15.98	2.7718159938500664
15.99	2.7739134163543904
16.	2.7760108407780404
16.01	2.778108267119766
16.02	2.780205695378311
16.03	2.7823031255524207
16.040000000000003	2.7844005576408337
16.05	2.786497991642288
16.060000000000002	2.7885954275555207
16.07	2.790692865379264
16.080000000000002	2.792790305112251
16.09	2.794887746753208
16.1	2.7969851903008633
16.11	2.7990826357539387
16.12	2.8011800831111593
16.130000000000003	2.8032775323712427
16.14	2.8053749835329054
16.150000000000002	2.807472436594865
16.16	2.8095698915558334
16.17	2.811667348414522
16.18	2.8137648071696377
16.19	2.815862267819891
16.2	2.8179597303639827
16.21	2.8200571948006177
16.220000000000002	2.8221546611284962
16.23	2.8242521293463163
16.240000000000002	2.826349599452774
16.25	2.828447071446565
16.26	2.830544545326382
16.27	2.832642021090914
16.28	2.834739498738852
16.290000000000003	2.8368369782688827
16.3	2.838934459679689
16.310000000000002	2.8410319429699573
16.32	2.843129428138365
16.330000000000002	2.845226915183596
16.34	2.8473244041043246
16.35	2.84942189489923
16.36	2.8515193875669835
16.37	2.8536168821062597
16.380000000000003	2.8557143785157297
16.39	2.8578118767940603
16.400000000000002	2.859909376939922
16.41	2.862006878951979
16.42	2.864104382828897
16.43	2.8662018885693357
16.44	2.8682993961719596
16.45	2.8703969056354266
16.46	2.8724944169583955
16.470000000000002	2.8745919301395224
16.48	2.876689445177461
16.490000000000002	2.8787869620708673
16.5	2.8808844808183904
16.51	2.882982001418684
16.52	2.8850795238703943
16.53	2.8871770481721715
16.540000000000003	2.88927457432266
16.55	2.8913721023205046
16.560000000000002	2.8934696321643507
16.57	2.8955671638528386
16.580000000000002	2.897664697384611
16.59	2.899762232758306
16.6	2.901859769972563
16.61	2.9039573090260173
16.62	2.9060548499173064
16.630000000000003	2.9081523926450643
16.64	2.910249937207924
16.650000000000002	2.912347483604517
16.66	2.9144450318334743
16.67	2.9165425818934274
16.68	2.9186401337830015
16.69	2.9207376875008277
16.7	2.9228352430455296
16.71	2.924932800415734
16.720000000000002	2.9270303596100637
16.73	2.929127920627142
16.740000000000002	2.9312254834655906
16.75	2.9333230481240307
16.76	2.9354206146010826
16.77	2.9375181828953636
16.78	2.9396157530054943
16.790000000000003	2.941713324930088
16.8	2.9438108986677625
16.810000000000002	2.9459084742171324
16.82	2.9480060515768116
16.830000000000002	2.9501036307454136
16.84	2.9522012117215493
16.85	2.9542987945038304
16.86	2.956396379090868
16.87	2.9584939654812716
16.880000000000003	2.9605915536736482
16.89	2.9626891436666067
16.900000000000002	2.9647867354587545
16.91	2.966884329048696
16.92	2.968981924435039
16.93	2.971079521616385
16.94	2.973177120591341
16.95	2.975274721358508
16.96	2.977372323916488
16.970000000000002	2.9794699282638852
16.98	2.9815675343992964
16.990000000000002	2.9836651423213256
17.	2.9857627520285686
17.01	2.987860363519628
17.020000000000003	2.9899579767931
17.03	2.9920555918475804
17.040000000000003	2.994153208681669
17.05	2.9962508272939603
17.060000000000002	2.9983484476830506
17.07	3.000446069847534
17.080000000000002	3.0025436937860066
17.090000000000003	3.004641319497061
17.1	3.00673894697929
17.110000000000003	3.008836576231288
17.12	3.010934207251646
17.130000000000003	3.0130318400389564
17.14	3.0151294745918085
17.150000000000002	3.017227110908796
17.16	3.019324748988506
17.17	3.0214223888295315
17.180000000000003	3.0235200304304595
17.19	3.0256176737898794
17.200000000000003	3.0277153189063792
17.21	3.0298129657785475
17.220000000000002	3.031910614404972
17.23	3.034008264784238
17.240000000000002	3.036105916914935
17.250000000000004	3.0382035707956483
17.26	3.0403012264249627
17.270000000000003	3.042398883801466
17.28	3.044496542923741
17.290000000000003	3.0465942037903755
17.3	3.0486918663999516
17.310000000000002	3.0507895307510555
17.32	3.052887196842269
17.330000000000002	3.0549848646721784
17.340000000000003	3.057082534239366
17.35	3.0591802055424147
17.360000000000003	3.061277878579908
17.37	3.0633755533504274
17.380000000000003	3.0654732298525573
17.39	3.0675709080848783
17.400000000000002	3.0696685880459738
17.41	3.0717662697344235
17.42	3.0738639531488117
17.430000000000003	3.0759616382877173
17.44	3.078059325149723
17.450000000000003	3.080157013733409
17.46	3.082254704037357
17.470000000000002	3.084352396060148
17.48	3.086450089800361
17.490000000000002	3.088547785256578
17.500000000000004	3.09064548242738
17.51	3.092743181311345
17.520000000000003	3.0948408819070554
17.53	3.096938584213089
17.540000000000003	3.099036288228028
17.55	3.1011339939504508
17.560000000000002	3.103231701378938
17.57	3.105329410512069
17.580000000000002	3.107427121348425
17.590000000000003	3.109524833886584
17.6	3.1116225481251254
17.610000000000003	3.113720264062631
17.62	3.1158179816976785
17.630000000000003	3.117915701028849
17.64	3.120013422054721
17.650000000000002	3.122111144773876
17.66	3.1242088691848906
17.67	3.1263065952863487
17.680000000000003	3.1284043230768273
17.69	3.130502052554907
17.700000000000003	3.1325997837191677
17.71	3.1346975165681883
17.720000000000002	3.136795251100552
17.73	3.1388929873148355
17.740000000000002	3.1409907252096216
17.750000000000004	3.1430884647834896
17.76	3.145186206035019
17.770000000000003	3.1472839489627935
17.78	3.14938169356539
17.790000000000003	3.1514794398413937
17.8	3.153577187789381
17.810000000000002	3.1556749374079365
17.82	3.1577726886956388
17.830000000000002	3.159870441651073
17.840000000000003	3.1619681962728174
17.85	3.164065952559455
17.860000000000003	3.1661637105095686
17.87	3.16826147012174
17.880000000000003	3.170359231394551
17.89	3.172456994326585
17.900000000000002	3.1745547589164254
17.91	3.1766525251626527
17.92	3.178750293063854
17.930000000000003	3.180848062618611
17.94	3.1829458338255066
17.950000000000003	3.1850436066831262
17.96	3.1871413811900533
17.970000000000002	3.1892391573448746
17.98	3.191336935146172
17.990000000000002	3.1934347145925326
18.000000000000004	3.1955324956825413
18.01	3.197630278414784
18.020000000000003	3.1997280627878473
18.03	3.2018258488003157
18.040000000000003	3.203923636450778
18.05	3.206021425737821
18.060000000000002	3.208119216660031
18.07	3.210217009215996
18.080000000000002	3.212314803404305
18.090000000000003	3.2144125992235457
18.1	3.216510396672306
18.110000000000003	3.2186081957491774
18.12	3.220705996452746
18.130000000000003	3.222803798781605
18.14	3.2249016027343425
18.150000000000002	3.226999408309549
18.160000000000004	3.229097215505818
18.17	3.231195024321738
18.180000000000003	3.233292834755903
18.19	3.235390646806904
18.200000000000003	3.237488460473334
18.21	3.239586275753786
18.220000000000002	3.241684092646854
18.23	3.243781911151131
18.240000000000002	3.2458797312652123
18.250000000000004	3.2479775529876926
18.26	3.2500753763171657
18.270000000000003	3.252173201252231
18.28	3.2542710277914804
18.290000000000003	3.2563688559335136
18.3	3.258466685676926
18.310000000000002	3.2605645170203177
18.32	3.2626623499622838
18.330000000000002	3.2647601845014256
18.340000000000003	3.26685802063634
18.35	3.2689558583656275
18.360000000000003	3.271053697687889
18.37	3.2731515386017236
18.380000000000003	3.275249381105734
18.39	3.277347225198521
18.400000000000002	3.2794450708786878
18.410000000000004	3.2815429181448366
18.42	3.2836407669955694
18.430000000000003	3.2857386174294927
18.44	3.2878364694452085
18.450000000000003	3.289934323041323
18.46	3.2920321782164406
18.470000000000002	3.29413003496917
18.48	3.2962278932981146
18.490000000000002	3.298325753201885
18.500000000000004	3.3004236146790857
18.51	3.3025214777283267
18.520000000000003	3.304619342348217
18.53	3.306717208537366
18.540000000000003	3.308815076294384
18.55	3.310912945617881
18.560000000000002	3.31301081650647
18.57	3.3151086889587615
18.580000000000002	3.317206562973369
18.590000000000003	3.3193044385489054
18.6	3.321402315683984
18.610000000000003	3.32350019437722
18.62	3.325598074627229
18.630000000000003	3.3276959564326267
18.64	3.3297938397920275
18.650000000000002	3.3318917247040503
18.660000000000004	3.333989611167313
18.67	3.336087499180433
18.680000000000003	3.33818538874203
18.69	3.3402832798507234
18.700000000000003	3.3423811725051333
18.71	3.3444790667038813
18.720000000000002	3.3465769624455888
18.73	3.3486748597288782
18.740000000000002	3.350772758552373
18.750000000000004	3.3528706589146964
18.76	3.3549685608144717
18.770000000000003	3.3570664642503276
18.78	3.3591643692208857
18.790000000000003	3.3612622757247763
18.8	3.3633601837606237
18.810000000000002	3.3654580933270584
18.82	3.367556004422706
18.830000000000002	3.3696539170461994
18.840000000000003	3.3717518311961667
18.85	3.3738497468712394
18.860000000000003	3.375947664070048
18.87	3.378045582791226
18.880000000000003	3.3801435030334073
18.89	3.3822414247952226
18.900000000000002	3.3843393480753106
18.910000000000004	3.3864372728723033
18.92	3.3885351991848376
18.930000000000003	3.3906331270115517
18.94	3.3927310563510806
18.950000000000003	3.3948289872020654
18.96	3.3969269195631435
18.970000000000002	3.3990248534329552
18.98	3.4011227888101407
18.990000000000002	3.403220725693342
19.000000000000004	3.405318664081202
19.01	3.4074166039723623
19.020000000000003	3.409514545365467
19.03	3.411612488259161
19.040000000000003	3.4137104326520893
19.05	3.4158083785428976
19.060000000000002	3.417906325930235
19.07	3.4200042748127464
19.080000000000002	3.4221022251890822
19.090000000000003	3.424200177057892
19.1	3.426298130417824
19.110000000000003	3.428396085267531
19.12	3.4304940416056633
19.130000000000003	3.4325919994308753
19.14	3.434689958741819
19.150000000000002	3.4367879195371493
19.160000000000004	3.438885881815522
19.17	3.44098384557559
19.180000000000003	3.4430818108160137
19.19	3.445179777535449
19.200000000000003	3.4472777457325536
19.21	3.4493757154059894
19.220000000000002	3.4514736865544124
19.23	3.453571659176487
19.240000000000002	3.4556696332708743
19.250000000000004	3.457767608836237
19.26	3.4598655858712366
19.270000000000003	3.461963564374541
19.28	3.464061544344812
19.290000000000003	3.466159525780718
19.3	3.4682575086809244
19.310000000000002	3.470355493044101
19.32	3.472453478868914
19.330000000000002	3.4745514661540353
19.340000000000003	3.4766494548981344
19.35	3.4787474450998817
19.360000000000003	3.480845436757951
19.37	3.482943429871013
19.380000000000003	3.4850414244377452
19.39	3.4871394204568196
19.400000000000002	3.4892374179269137
19.410000000000004	3.4913354168467023
19.42	3.493433417214864
19.430000000000003	3.495531419030078
19.44	3.4976294222910216
19.450000000000003	3.499727426996378
19.46	3.501825433144825
19.470000000000002	3.503923440735048
19.48	3.5060214497657265
19.490000000000002	3.508119460235547
19.500000000000004	3.510217472143194
19.51	3.512315485487351
19.520000000000003	3.5144135002667074
19.53	3.516511516479948
19.540000000000003	3.5186095341257637
19.55	3.5207075532028425
19.560000000000002	3.522805573709876
19.57	3.5249035956455526
19.580000000000002	3.5270016190085673
19.590000000000003	3.529099643797612
19.6	3.531197670011381
19.610000000000003	3.533295697648568
19.62	3.5353937267078708
19.630000000000003	3.5374917571879854
19.64	3.539589789087609
19.650000000000002	3.541687822405441
19.660000000000004	3.5437858571401817
19.67	3.5458838932905294
19.680000000000003	3.5479819308551876
19.69	3.550079969832857
19.700000000000003	3.552178010222244
19.71	3.5542760520220495
19.720000000000002	3.5563740952309812
19.73	3.558472139847744
19.740000000000002	3.560570185871047
19.750000000000004	3.562668233299597
19.76	3.5647662821321022
19.770000000000003	3.566864332367274
19.78	3.5689623840038234
19.790000000000003	3.5710604370404626
19.8	3.573158491475904
19.810000000000002	3.5752565473088618
19.82	3.5773546045380513
19.830000000000002	3.579452663162188
19.840000000000003	3.5815507231799897
19.85	3.5836487845901726
19.860000000000003	3.585746847391457
19.87	3.587844911582562
19.880000000000003	3.5899429771622087
19.89	3.592041044129118
19.900000000000002	3.594139112482015
19.910000000000004	3.596237182219621
19.92	3.598335253340661
19.930000000000003	3.600433325843862
19.94	3.6025313997279493
19.950000000000003	3.6046294749916523
19.96	3.606727551633698
19.970000000000002	3.6088256296528165
19.98	3.6109237090477384
19.990000000000002	3.6130217898171963
20.000000000000004	3.615119871959922
20.01	3.6172179554746497
20.020000000000003	3.619316040360112
20.03	3.621414126615047
20.040000000000003	3.6235122142381915
20.05	3.6256103032282807
20.060000000000002	3.627708393584056
20.07	3.629806485304255
20.080000000000002	3.631904578387619
20.090000000000003	3.6340026728328905
20.1	3.6361007686388103
20.110000000000003	3.6381988658041235
20.12	3.6402969643275744
20.130000000000003	3.642395064207909
20.14	3.6444931654438726
20.150000000000002	3.646591268034215
20.160000000000004	3.6486893719776843
20.17	3.6507874772730284
20.180000000000003	3.6528855839190006
20.19	3.6549836919143504
20.200000000000003	3.657081801257833
20.21	3.6591799119481996
20.220000000000002	3.661278023984207
20.23	3.663376137364609
20.240000000000002	3.665474252088166
20.250000000000004	3.6675723681536327
20.26	3.6696704855597684
20.270000000000003	3.671768604305335
20.28	3.6738667243890912
20.290000000000003	3.6759648458097995
20.3	3.6780629685662234
20.310000000000002	3.6801610926571273
20.32	3.682259218081275
20.330000000000002	3.6843573448374345
20.340000000000003	3.6864554729243713
20.35	3.6885536023408525
20.360000000000003	3.69065173308565
20.37	3.6927498651575315
20.380000000000003	3.6948479985552707
20.39	3.6969461332776383
20.400000000000002	3.699044269323408
20.410000000000004	3.7011424066913534
20.42	3.7032405453802504
20.430000000000003	3.7053386853888766
20.44	3.707436826716007
20.450000000000003	3.7095349693604227
20.46	3.711633113320901
20.470000000000002	3.7137312585962245
20.48	3.715829405185173
20.490000000000002	3.71792755308653
20.500000000000004	3.72002570229908
20.51	3.722123852821605
20.520000000000003	3.7242220046528933
20.53	3.726320157791731
20.540000000000003	3.728418312236906
20.55	3.730516467987207
20.560000000000002	3.732614625041424
20.57	3.734712783398347
20.580000000000002	3.7368109430567706
20.590000000000003	3.7389091040154865
20.6	3.7410072662732867
20.610000000000003	3.7431054298289688
20.62	3.745203594681329
20.630000000000003	3.7473017608291643
20.64	3.7493999282712718
20.650000000000002	3.7514980970064533
20.660000000000004	3.7535962670335064
20.67	3.7556944383512345
20.680000000000003	3.7577926109584396
20.69	3.7598907848539236
20.700000000000003	3.7619889600364944
20.71	3.764087136504955
20.720000000000002	3.766185314258114
20.73	3.768283493294777
20.740000000000002	3.7703816736137545
20.750000000000004	3.7724798552138568
20.76	3.7745780380938925
20.770000000000003	3.776676222252675
20.78	3.778774407689017
20.790000000000003	3.7808725944017345
20.8	3.782970782389639
20.810000000000002	3.7850689716515493
20.82	3.7871671621862824
20.830000000000002	3.789265353992656
20.840000000000003	3.7913635470694897
20.85	3.793461741415604
20.860000000000003	3.7955599370298208
20.87	3.7976581339109616
20.880000000000003	3.799756332057851
20.89	3.8018545314693126
20.900000000000002	3.8039527321441726
20.910000000000004	3.8060509340812585
20.92	3.808149137279397
20.930000000000003	3.8102473417374174
20.94	3.812345547454149
20.950000000000003	3.8144437544284244
20.96	3.816541962659074
20.970000000000002	3.8186401721449323
20.98	3.820738382884832
20.990000000000002	3.82283659487761
21.000000000000004	3.8249348081221006
21.01	3.827033022617143
21.020000000000003	3.8291312383615743
21.03	3.8312294553542348
21.040000000000003	3.833327673593965
21.05	3.8354258930796057
21.060000000000002	3.8375241138100007
21.07	3.839622335783992
21.080000000000002	3.841720559000427
21.090000000000003	3.8438187834581496
21.1	3.8459170091560058
21.110000000000003	3.848015236092846
21.12	3.850113464267517
21.130000000000003	3.8522116936788713
21.14	3.854309924325757
21.150000000000002	3.8564081562070296
21.160000000000004	3.8585063893215406
21.17	3.8606046236681433
21.180000000000003	3.8627028592456956
21.19	3.8648010960530508
21.200000000000003	3.8668993340890694
21.21	3.8689975733526074
21.220000000000002	3.871095813842526
21.23	3.8731940555576863
21.240000000000002	3.87529229849695
21.250000000000004	3.877390542659178
21.26	3.8794887880432354
21.270000000000003	3.881587034647988
21.28	3.8836852824723005
21.290000000000003	3.885783531515041
21.3	3.887881781775075
21.310000000000002	3.889980033251276
21.32	3.8920782859425103
21.330000000000002	3.8941765398476527
21.340000000000003	3.8962747949655725
21.35	3.8983730512951436
21.360000000000003	3.9004713088352423
21.37	3.9025695675847416
21.380000000000003	3.9046678275425206
21.39	3.906766088707455
21.400000000000002	3.9088643510784253
21.410000000000004	3.9109626146543093
21.42	3.9130608794339894
21.430000000000003	3.9151591454163475
21.44	3.9172574126002644
21.450000000000003	3.9193556809846273
21.46	3.921453950568319
21.470000000000002	3.923552221350227
21.48	3.925650493329236
21.490000000000002	3.927748766504238
21.500000000000004	3.9298470408741206
21.51	3.9319453164377727
21.520000000000003	3.9340435931940876
21.53	3.936141871141956
21.540000000000003	3.938240150280274
21.55	3.940338430607934
21.560000000000002	3.9424367121238326
21.57	3.944534994826866
21.580000000000002	3.9466332787159333
21.590000000000003	3.9487315637899316
21.6	3.9508298500477617
21.610000000000003	3.952928137488324
21.62	3.9550264261105212
21.630000000000003	3.957124715913255
21.64	3.9592230068954315
21.650000000000002	3.961321299055955
21.660000000000004	3.9634195923937314
21.67	3.9655178869076684
21.680000000000003	3.9676161825966743
21.69	3.9697144794596566
21.700000000000003	3.971812777495529
21.71	3.9739110767032004
21.720000000000002	3.976009377081586
21.73	3.9781076786295957
21.740000000000002	3.9802059813461472
21.750000000000004	3.982304285230155
21.76	3.984402590280536
21.770000000000003	3.9865008964962083
21.78	3.988599203876089
21.790000000000003	3.990697512419101
21.8	3.9927958221241626
21.810000000000002	3.994894132990198
21.82	3.9969924450161285
21.830000000000002	3.999090758200878
21.840000000000003	4.001189072543374
21.85	4.003287388042541
21.860000000000003	4.005385704697306
21.87	4.007484022506597
21.880000000000003	4.009582341469346
21.89	4.01168066158448
21.900000000000002	4.0137789828509325
21.910000000000004	4.015877305267636
21.92	4.017975628833522
21.930000000000003	4.020073953547528
21.94	4.022172279408587
21.950000000000003	4.024270606415638
21.96	4.026368934567616
21.970000000000002	4.028467263863463
21.98	4.030565594302116
21.990000000000002	4.032663925882518
22.000000000000004	4.034762258603609
22.01	4.036860592464333
22.020000000000003	4.038958927463633
22.03	4.041057263600455
22.040000000000003	4.043155600873746
22.05	4.045253939282451
22.060000000000002	4.047352278825519
22.07	4.0494506195019
22.080000000000002	4.051548961310543
22.090000000000003	4.053647304250401
22.1	4.055745648320423
22.110000000000003	4.057843993519565
22.12	4.059942339846781
22.130000000000003	4.062040687301026
22.14	4.064139035881257
22.150000000000002	4.06623738558643
22.160000000000004	4.068335736415507
22.17	4.070434088367443
22.180000000000003	4.072532441441202
22.19	4.074630795635743
22.200000000000003	4.076729150950031
22.21	4.0788275073830285
22.220000000000002	4.0809258649337
22.23	4.083024223601012
22.240000000000002	4.0851225833839315
22.250000000000004	4.087220944281426
22.26	4.089319306292463
22.270000000000003	4.091417669416015
22.28	4.09351603365105
22.290000000000003	4.095614398996543
22.3	4.0977127654514645
22.310000000000002	4.099811133014789
22.32	4.101909501685492
22.330000000000002	4.10400787146255
22.340000000000003	4.106106242344941
22.35	4.1082046143316395
22.360000000000003	4.110302987421627
22.37	4.112401361613884
22.380000000000003	4.1144997369073915
22.39	4.11659811330113
22.400000000000002	4.118696490794085
22.410000000000004	4.120794869385239
22.42	4.12289324907358
22.430000000000003	4.12499162985809
22.44	4.12709001173776
22.450000000000003	4.129188394711577
22.46	4.13128677877853
22.470000000000002	4.133385163937611
22.48	4.135483550187808
22.490000000000002	4.137581937528117
22.500000000000004	4.1396803259575305
22.51	4.141778715475041
22.520000000000003	4.143877106079647
22.53	4.145975497770342
22.540000000000003	4.148073890546126
22.55	4.150172284405996
22.560000000000002	4.152270679348952
22.57	4.154369075373994
22.580000000000002	4.1564674724801245
22.590000000000003	4.158565870666346
22.6	4.160664269931661
22.610000000000003	4.162762670275075
22.62	4.164861071695593
22.630000000000003	4.166959474192222
22.64	4.169057877763969
22.650000000000002	4.171156282409845
22.660000000000004	4.173254688128856
22.67	4.175353094920015
22.680000000000003	4.1774515027823345
22.69	4.179549911714824
22.700000000000003	4.1816483217165
22.71	4.183746732786375
22.720000000000002	4.185845144923467
22.73	4.18794355812679
22.740000000000002	4.190041972395364
22.750000000000004	4.192140387728207
22.76	4.194238804124338
22.770000000000003	4.1963372215827786
22.78	4.198435640102549
22.790000000000003	4.200534059682673
22.8	4.202632480322174
22.810000000000002	4.204730902020079
22.82	4.206829324775408
22.830000000000002	4.208927748587193
22.840000000000003	4.21102617345446
22.85	4.213124599376236
22.860000000000003	4.215223026351554
22.87	4.217321454379442
22.880000000000003	4.219419883458932
22.89	4.2215183135890575
22.900000000000002	4.223616744768852
22.910000000000004	4.225715176997349
22.92	4.227813610273585
22.930000000000003	4.229912044596597
22.94	4.232010479965421
22.950000000000003	4.234108916379098
22.96	4.236207353836665
22.970000000000002	4.238305792337164
22.98	4.240404231879636
22.990000000000002	4.242502672463125
23.000000000000004	4.244601114086673
23.01	4.2466995567493235
23.020000000000003	4.248798000450124
23.03	4.250896445188121
23.040000000000003	4.25299489096236
23.05	4.255093337771891
23.060000000000002	4.257191785615762
23.07	4.259290234493026
23.080000000000002	4.261388684402733
23.090000000000003	4.263487135343934
23.1	4.265585587315683
23.110000000000003	4.267684040317036
23.12	4.269782494347046
23.130000000000003	4.271880949404771
23.14	4.273979405489266
23.150000000000002	4.2760778625995925
23.160000000000004	4.278176320734807
23.17	4.28027477989397
23.180000000000003	4.282373240076144
23.19	4.284471701280389
23.200000000000003	4.28657016350577
23.21	4.28866862675135
23.220000000000002	4.290767091016194
23.23	4.292865556299368
23.240000000000002	4.29496402259994
23.250000000000004	4.297062489916977
23.26	4.299160958249547
23.270000000000003	4.3012594275967215
23.28	4.30335789795757
23.290000000000003	4.305456369331166
23.3	4.30755484171658
23.310000000000002	4.309653315112887
23.32	4.31175178951916
23.330000000000002	4.313850264934478
23.340000000000003	4.315948741357916
23.35	4.31804721878855
23.360000000000003	4.320145697225459
23.37	4.3222441766677235
23.380000000000003	4.324342657114424
23.39	4.32644113856464
23.400000000000002	4.328539621017456
23.410000000000004	4.330638104471955
23.42	4.33273658892722
23.430000000000003	4.334835074382335
23.44	4.336933560836389
23.450000000000003	4.33903204828847
23.46	4.341130536737661
23.470000000000002	4.343229026183057
23.48	4.345327516623742
23.490000000000002	4.347426008058813
23.500000000000004	4.349524500487357
23.51	4.351622993908467
23.520000000000003	4.3537214883212405
23.53	4.355819983724769
23.540000000000003	4.357918480118149
23.55	4.360016977500476
23.560000000000002	4.36211547587085
23.57	4.364213975228367
23.580000000000002	4.366312475572128
23.590000000000003	4.368410976901233
23.6	4.370509479214782
23.610000000000003	4.372607982511878
23.62	4.374706486791625
23.630000000000003	4.376804992053126
23.64	4.378903498295487
23.650000000000002	4.3810020055178125
23.660000000000004	4.383100513719211
23.67	4.385199022898789
23.680000000000003	4.387297533055656
23.69	4.3893960441889215
23.700000000000003	4.391494556297697
23.71	4.393593069381092
23.720000000000002	4.395691583438221
23.73	4.397790098468196
23.740000000000002	4.399888614470132
23.750000000000004	4.401987131443145
23.76	4.40408564938635
23.770000000000003	4.406184168298866
23.78	4.408282688179807
23.790000000000003	4.410381209028297
23.8	4.412479730843452
23.810000000000002	4.414578253624395
23.82	4.416676777370247
23.830000000000002	4.418775302080131
23.840000000000003	4.42087382775317
23.85	4.422972354388489
23.860000000000003	4.425070881985214
23.87	4.427169410542469
23.880000000000003	4.429267940059384
23.89	4.431366470535086
23.900000000000002	4.433465001968705
23.910000000000004	4.43556353435937
23.92	4.437662067706213
23.930000000000003	4.439760602008364
23.94	4.441859137264956
23.950000000000003	4.443957673475125
23.96	4.4460562106380035
23.970000000000002	4.448154748752727
23.98	4.450253287818433
23.990000000000002	4.452351827834259
24.000000000000004	4.454450368799343
24.01	4.456548910712821
24.020000000000003	4.458647453573838
24.03	4.460745997381531
24.040000000000003	4.462844542135044
24.05	4.464943087833519
24.060000000000002	4.467041634476101
24.07	4.469140182061932
24.080000000000002	4.47123873059016
24.090000000000003	4.473337280059931
24.1	4.475435830470389
24.110000000000003	4.477534381820687
24.12	4.479632934109971
24.130000000000003	4.481731487337392
24.14	4.4838300415021
24.150000000000002	4.485928596603247
24.160000000000004	4.488027152639987
24.17	4.490125709611471
24.180000000000003	4.492224267516856
24.19	4.494322826355295
24.200000000000003	4.496421386125947
24.21	4.498519946827965
24.220000000000002	4.500618508460512
24.23	4.502717071022743
24.240000000000002	4.504815634513819
24.250000000000004	4.506914198932902
24.26	4.509012764279151
24.270000000000003	4.511111330551731
24.28	4.513209897749803
24.290000000000003	4.5153084658725335
24.3	4.517407034919086
24.310000000000002	4.519505604888627
24.32	4.521604175780323
24.330000000000002	4.523702747593341
24.340000000000003	4.525801320326852
24.35	4.527899893980023
24.360000000000003	4.529998468552026
24.37	4.532097044042031
24.380000000000003	4.534195620449211
24.39	4.5362941977727385
24.400000000000002	4.538392776011787
24.410000000000004	4.540491355165534
24.42	4.542589935233151
24.430000000000003	4.544688516213816
24.44	4.546787098106709
24.450000000000003	4.548885680911004
24.46	4.550984264625883
24.470000000000002	4.553082849250525
24.48	4.555181434784111
24.490000000000002	4.557280021225822
24.500000000000004	4.559378608574844
24.51	4.561477196830355
24.520000000000003	4.563575785991542
24.53	4.565674376057591
24.540000000000003	4.567772967027687
24.55	4.569871558901017
24.560000000000002	4.571970151676769
24.57	4.574068745354131
24.580000000000002	4.576167339932294
24.590000000000003	4.578265935410447
24.6	4.58036453178778
24.610000000000003	4.5824631290634885
24.62	4.584561727236762
24.630000000000003	4.586660326306797
24.64	4.588758926272785
24.650000000000002	4.590857527133924
24.660000000000004	4.59295612888941
24.67	4.59505473153844
24.680000000000003	4.597153335080212
24.69	4.599251939513923
24.700000000000003	4.601350544838777
24.71	4.60344915105397
24.720000000000002	4.605547758158707
24.73	4.607646366152187
24.740000000000002	4.609744975033617
24.750000000000004	4.611843584802197
24.76	4.613942195457134
24.770000000000003	4.616040806997634
24.78	4.618139419422902
24.790000000000003	4.620238032732147
24.8	4.622336646924575
24.810000000000002	4.624435261999398
24.82	4.626533877955823
24.830000000000002	4.628632494793063
24.840000000000003	4.630731112510327
24.85	4.632829731106829
24.860000000000003	4.6349283505817835
24.87	4.637026970934403
24.880000000000003	4.639125592163902
24.89	4.641224214269496
24.900000000000002	4.643322837250403
24.910000000000004	4.64542146110584
24.92	4.6475200858350245
24.930000000000003	4.649618711437176
24.94	4.651717337911514
24.950000000000003	4.653815965257261
24.96	4.655914593473635
24.970000000000002	4.658013222559862
24.98	4.660111852515163
24.990000000000002	4.662210483338763
25.000000000000004	4.664309115029886
25.01	4.666407747587758
25.020000000000003	4.668506381011607
25.03	4.670605015300658
25.040000000000003	4.672703650454139
25.05	4.674802286471282
25.060000000000002	4.676900923351313
25.070000000000004	4.678999561093466
25.080000000000002	4.681098199696969
25.090000000000003	4.683196839161058
25.1	4.685295479484963
25.110000000000003	4.6873941206679195
25.12	4.689492762709161
25.130000000000003	4.691591405607924
25.14	4.693690049363444
25.150000000000002	4.69578869397496
25.160000000000004	4.697887339441707
25.17	4.699985985762925
25.180000000000003	4.702084632937855
25.19	4.704183280965735
25.200000000000003	4.706281929845807
25.21	4.708380579577314
25.220000000000002	4.710479230159498
25.23	4.712577881591602
25.240000000000002	4.71467653387287
25.250000000000004	4.7167751870025505
25.26	4.718873840979885
25.270000000000003	4.720972495804124
25.28	4.723071151474513
25.290000000000003	4.7251698079903015
25.3	4.727268465350736
25.310000000000002	4.729367123555071
25.320000000000004	4.731465782602554
25.330000000000002	4.733564442492438
25.340000000000003	4.735663103223974
25.35	4.737761764796416
25.360000000000003	4.7398604272090195
25.37	4.7419590904610365
25.380000000000003	4.744057754551725
25.39	4.7461564194803385
25.400000000000002	4.748255085246138
25.410000000000004	4.750353751848378
25.42	4.7524524192863185
25.430000000000003	4.754551087559219
25.44	4.756649756666341
25.450000000000003	4.758748426606942
25.46	4.760847097380288
25.470000000000002	4.762945768985641
25.48	4.765044441422262
25.490000000000002	4.767143114689418
25.500000000000004	4.769241788786372
25.51	4.77134046371239
25.520000000000003	4.77343913946674
25.53	4.775537816048688
25.540000000000003	4.777636493457503
25.55	4.779735171692453
25.560000000000002	4.781833850752808
25.570000000000004	4.78393253063784
25.580000000000002	4.786031211346819
25.590000000000003	4.788129892879016
25.6	4.790228575233704
25.610000000000003	4.792327258410159
25.62	4.794425942407653
25.630000000000003	4.7965246272254625
25.64	4.798623312862862
25.650000000000002	4.800721999319128
25.660000000000004	4.802820686593541
25.67	4.804919374685375
25.680000000000003	4.807018063593913
25.69	4.809116753318431
25.700000000000003	4.811215443858213
25.71	4.813314135212537
25.720000000000002	4.815412827380688
25.73	4.817511520361946
25.740000000000002	4.819610214155597
25.750000000000004	4.821708908760924
25.76	4.823807604177213
25.770000000000003	4.825906300403749
25.78	4.828004997439817
25.790000000000003	4.830103695284708
25.8	4.832202393937708
25.810000000000002	4.834301093398107
25.820000000000004	4.836399793665193
25.830000000000002	4.838498494738257
25.840000000000003	4.840597196616591
25.85	4.8426958992994855
25.860000000000003	4.844794602786235
25.87	4.846893307076131
25.880000000000003	4.848992012168471
25.89	4.851090718062545
25.900000000000002	4.853189424757653
25.910000000000004	4.855288132253088
25.92	4.857386840548149
25.930000000000003	4.859485549642135
25.94	4.861584259534342
25.950000000000003	4.863682970224072
25.96	4.865781681710623
25.970000000000002	4.867880393993297
25.98	4.869979107071395
25.990000000000002	4.872077820944221
26.000000000000004	4.8741765356110776
26.01	4.876275251071266
26.020000000000003	4.8783739673240945
26.03	4.880472684368866
26.040000000000003	4.882571402204888
26.05	4.884670120831466
26.060000000000002	4.886768840247908
26.070000000000004	4.888867560453524
26.080000000000002	4.8909662814476205
26.090000000000003	4.89306500322951
26.1	4.8951637257985
26.110000000000003	4.897262449153904
26.12	4.899361173295032
26.130000000000003	4.9014598982212
26.14	4.903558623931717
26.150000000000002	4.905657350425901
26.160000000000004	4.907756077703066
26.17	4.909854805762525
26.180000000000003	4.911953534603598
26.19	4.9140522642255995
26.200000000000003	4.916150994627849
26.21	4.918249725809664
26.220000000000002	4.9203484577703644
26.23	4.922447190509269
26.240000000000002	4.924545924025701
26.250000000000004	4.9266446583189785
26.26	4.928743393388425
26.270000000000003	4.930842129233365
26.28	4.93294086585312
26.290000000000003	4.935039603247016
26.3	4.937138341414376
26.310000000000002	4.939237080354528
26.320000000000004	4.941335820066797
26.330000000000002	4.94343456055051
26.340000000000003	4.945533301804996
26.35	4.947632043829582
26.360000000000003	4.9497307866236
26.37	4.951829530186377
26.380000000000003	4.953928274517246
26.39	4.9560270196155365
26.400000000000002	4.958125765480583
26.410000000000004	4.960224512111716
26.42	4.9623232595082705
26.430000000000003	4.964422007669581
26.44	4.966520756594981
26.450000000000003	4.968619506283807
26.46	4.970718256735396
26.470000000000002	4.972817007949086
26.48	4.974915759924213
26.490000000000002	4.977014512660116
26.500000000000004	4.979113266156134
26.51	4.981212020411607
26.520000000000003	4.983310775425877
26.53	4.985409531198283
26.540000000000003	4.987508287728169
26.55	4.989607045014876
26.560000000000002	4.99170580305775
26.570000000000004	4.993804561856133
26.580000000000002	4.9959033214093695
26.590000000000003	4.998002081716806
26.6	5.000100842777789
26.610000000000003	5.002199604591665
26.62	5.004298367157781
26.630000000000003	5.006397130475487
26.64	5.008495894544129
26.650000000000002	5.0105946593630595
26.660000000000004	5.012693424931629
26.67	5.014792191249185
26.680000000000003	5.016890958315084
26.69	5.018989726128675
26.700000000000003	5.021088494689313
26.71	5.02318726399635
26.720000000000002	5.0252860340491425
26.73	5.027384804847044
26.740000000000002	5.029483576389412
26.750000000000004	5.0315823486756015
26.76	5.033681121704969
26.770000000000003	5.0357798954768755
26.78	5.037878669990677
26.790000000000003	5.039977445245735
26.8	5.042076221241406
26.810000000000002	5.044174997977054
26.820000000000004	5.046273775452039
26.830000000000002	5.048372553665722
26.840000000000003	5.050471332617467
26.85	5.052570112306637
26.860000000000003	5.054668892732596
26.87	5.056767673894708
26.880000000000003	5.058866455792339
26.89	5.060965238424855
26.900000000000002	5.063064021791624
26.910000000000004	5.065162805892012
26.92	5.067261590725386
26.930000000000003	5.069360376291116
26.94	5.071459162588572
26.950000000000003	5.073557949617123
26.96	5.075656737376138
26.970000000000002	5.077755525864993
26.98	5.079854315083057
26.990000000000002	5.081953105029702
27.000000000000004	5.084051895704303
27.01	5.086150687106233
27.020000000000003	5.088249479234868
27.03	5.090348272089582
27.040000000000003	5.092447065669752
27.05	5.094545859974754
27.060000000000002	5.096644655003965
27.070000000000004	5.098743450756765
27.080000000000002	5.1008422472325305
27.090000000000003	5.102941044430642
27.1	5.105039842350478
27.110000000000003	5.107138640991422
27.12	5.109237440352852
27.130000000000003	5.111336240434152
27.14	5.1134350412347045
27.150000000000002	5.115533842753892
27.160000000000004	5.117632644991099
27.17	5.11973144794571
27.180000000000003	5.121830251617109
27.19	5.123929056004683
27.200000000000003	5.126027861107819
27.21	5.128126666925903
27.220000000000002	5.1302254734583235
27.23	5.132324280704468
27.240000000000002	5.134423088663728
27.250000000000004	5.13652189733549
27.26	5.138620706719146
27.270000000000003	5.140719516814087
27.28	5.142818327619705
27.290000000000003	5.1449171391353925
27.3	5.147015951360541
27.310000000000002	5.149114764294547
27.320000000000004	5.151213577936802
27.330000000000002	5.1533123922867
27.340000000000003	5.155411207343639
27.35	5.157510023107014
27.360000000000003	5.159608839576224
27.37	5.161707656750663
27.380000000000003	5.163806474629731
27.39	5.165905293212826
27.400000000000002	5.168004112499347
27.410000000000004	5.170102932488697
27.42	5.172201753180272
27.430000000000003	5.1743005745734765
27.44	5.176399396667711
27.450000000000003	5.178498219462377
27.46	5.180597042956882
27.470000000000002	5.182695867150625
27.48	5.1847946920430115
27.490000000000002	5.1868935176334485
27.500000000000004	5.18899234392134
27.51	5.191091170906092
27.520000000000003	5.193189998587113
27.53	5.195288826963808
27.540000000000003	5.1973876560355885
27.55	5.19948648580186
27.560000000000002	5.201585316262034
27.570000000000004	5.203684147415521
27.580000000000002	5.205782979261728
27.590000000000003	5.20788181180007
27.6	5.209980645029957
27.610000000000003	5.212079478950804
27.62	5.21417831356202
27.630000000000003	5.216277148863022
27.64	5.218375984853224
27.650000000000002	5.220474821532039
27.660000000000004	5.2225736588988845
27.67	5.2246724969531755
27.680000000000003	5.22677133569433
27.69	5.228870175121766
27.700000000000003	5.230969015234899
27.71	5.233067856033149
27.720000000000002	5.235166697515936
27.73	5.237265539682679
27.740000000000002	5.239364382532799
27.750000000000004	5.241463226065718
27.76	5.243562070280854
27.770000000000003	5.245660915177633
27.78	5.247759760755477
27.790000000000003	5.249858607013809
27.8	5.251957453952054
27.810000000000002	5.254056301569635
27.820000000000004	5.256155149865981
27.830000000000002	5.258253998840513
27.840000000000003	5.260352848492661
27.85	5.2624516988218515
27.860000000000003	5.2645505498275105
27.87	5.26664940150907
27.880000000000003	5.268748253865955
27.89	5.270847106897598
27.900000000000002	5.272945960603429
27.910000000000004	5.275044814982877
27.92	5.2771436700353735
27.930000000000003	5.279242525760352
27.94	5.281341382157243
27.950000000000003	5.283440239225483
27.96	5.285539096964502
27.970000000000002	5.287637955373737
27.98	5.2897368144526205
27.990000000000002	5.29183567420059
28.000000000000004	5.293934534617082
28.01	5.2960333957015315
28.020000000000003	5.298132257453378
28.03	5.3002311198720555
28.040000000000003	5.302329982957007
28.05	5.304428846707668
28.060000000000002	5.306527711123479
28.070000000000004	5.308626576203883
28.080000000000002	5.310725441948318
28.090000000000003	5.312824308356226
28.1	5.314923175427049
28.110000000000003	5.317022043160231
28.12	5.3191209115552125
28.130000000000003	5.3212197806114405
28.14	5.323318650328356
28.150000000000002	5.325417520705406
28.160000000000004	5.327516391742036
28.17	5.329615263437691
28.180000000000003	5.3317141357918185
28.19	5.333813008803864
28.200000000000003	5.33591188247328
28.21	5.338010756799509
28.220000000000002	5.3401096317820045
28.23	5.342208507420213
28.240000000000002	5.344307383713587
28.250000000000004	5.346406260661575
28.26	5.348505138263631
28.270000000000003	5.3506040165192035
28.28	5.352702895427748
28.290000000000003	5.354801774988716
28.3	5.356900655201561
28.310000000000002	5.358999536065737
28.320000000000004	5.361098417580702
28.330000000000002	5.363197299745905
28.340000000000003	5.365296182560807
28.35	5.367395066024863
28.360000000000003	5.36949395013753
28.37	5.371592834898263
28.380000000000003	5.3736917203065255
28.39	5.375790606361771
28.400000000000002	5.377889493063463
28.410000000000004	5.379988380411058
28.42	5.3820872684040175
28.430000000000003	5.384186157041803
28.44	5.386285046323875
28.450000000000003	5.3883839362496975
28.46	5.39048282681873
28.470000000000002	5.3925817180304385
28.48	5.394680609884286
28.490000000000002	5.396779502379737
28.500000000000004	5.398878395516257
28.51	5.400977289293309
28.520000000000003	5.403076183710361
28.53	5.405175078766878
28.540000000000003	5.40727397446233
28.55	5.409372870796182
28.560000000000002	5.411471767767904
28.570000000000004	5.413570665376963
28.580000000000002	5.415669563622829
28.590000000000003	5.417768462504973
28.6	5.419867362022864
28.610000000000003	5.421966262175974
28.62	5.424065162963773
28.630000000000003	5.426164064385735
28.64	5.428262966441331
28.650000000000002	5.430361869130036
28.660000000000004	5.432460772451321
28.67	5.434559676404663
28.680000000000003	5.436658580989538
28.69	5.438757486205416
28.700000000000003	5.440856392051779
28.71	5.442955298528099
28.720000000000002	5.445054205633855
28.73	5.447153113368524
28.740000000000002	5.449252021731585
28.750000000000004	5.451350930722516
28.76	5.453449840340796
28.770000000000003	5.455548750585905
28.78	5.457647661457322
28.790000000000003	5.459746572954532
28.8	5.461845485077011
28.810000000000002	5.463944397824244
28.820000000000004	5.466043311195714
28.830000000000002	5.4681422251909
28.840000000000003	5.47024113980929
28.85	5.472340055050366
28.860000000000003	5.474438970913613
28.87	5.476537887398516
28.880000000000003	5.47863680450456
28.89	5.480735722231232
28.900000000000002	5.4828346405780195
28.910000000000004	5.484933559544408
28.92	5.487032479129886
28.930000000000003	5.489131399333943
28.94	5.491230320156066
28.950000000000003	5.493329241595746
28.96	5.495428163652471
28.970000000000002	5.497527086325733
28.98	5.499626009615022
28.990000000000002	5.501724933519831
29.000000000000004	5.503823858039651
29.01	5.505922783173973
29.020000000000003	5.508021708922293
29.03	5.510120635284102
29.040000000000003	5.512219562258896
29.05	5.514318489846169
29.060000000000002	5.5164174180454175
29.070000000000004	5.518516346856134
29.080000000000002	5.520615276277817
29.090000000000003	5.522714206309964
29.1	5.52481313695207
29.110000000000003	5.526912068203635
29.12	5.529011000064155
29.130000000000003	5.5311099325331305
29.14	5.53320886561006
29.150000000000002	5.535307799294445
29.160000000000004	5.537406733585784
29.17	5.539505668483578
29.180000000000003	5.54160460398733
29.19	5.54370354009654
29.200000000000003	5.545802476810712
29.21	5.547901414129347
29.220000000000002	5.550000352051952
29.23	5.552099290578027
29.240000000000002	5.554198229707079
29.250000000000004	5.556297169438611
29.26	5.558396109772131
29.270000000000003	5.560495050707143
29.28	5.562593992243154
29.290000000000003	5.564692934379672
29.3	5.566791877116205
29.310000000000002	5.56889082045226
29.320000000000004	5.5709897643873445
29.330000000000002	5.573088708920968
29.340000000000003	5.575187654052643
29.35	5.577286599781876
29.360000000000003	5.579385546108179
29.37	5.581484493031064
29.380000000000003	5.583583440550041
29.39	5.5856823886646225
29.400000000000002	5.587781337374323
29.410000000000004	5.589880286678653
29.42	5.591979236577127
29.430000000000003	5.59407818706926
29.44	5.596177138154566
29.450000000000003	5.59827608983256
29.46	5.600375042102757
29.470000000000002	5.602473994964675
29.48	5.604572948417829
29.490000000000002	5.606671902461737
29.500000000000004	5.608770857095916
29.51	5.610869812319884
29.520000000000003	5.612968768133161
29.53	5.6150677245352645
29.540000000000003	5.617166681525715
29.55	5.619265639104032
29.560000000000002	5.621364597269737
29.570000000000004	5.623463556022351
29.580000000000002	5.625562515361394
29.590000000000003	5.62766147528639
29.6	5.629760435796859
29.610000000000003	5.631859396892328
29.62	5.633958358572317
29.630000000000003	5.636057320836352
29.64	5.638156283683957
29.650000000000002	5.640255247114657
29.660000000000004	5.6423542111279765
29.67	5.644453175723444
29.680000000000003	5.6465521409005826
29.69	5.648651106658922
29.700000000000003	5.650750072997989
29.71	5.652849039917311
29.720000000000002	5.654948007416417
29.73	5.657046975494835
29.740000000000002	5.659145944152096
29.750000000000004	5.661244913387729
29.76	5.663343883201263
29.770000000000003	5.665442853592231
29.78	5.667541824560162
29.790000000000003	5.669640796104591
29.8	5.671739768225048
29.810000000000002	5.673838740921066
29.820000000000004	5.675937714192178
29.830000000000002	5.678036688037918
29.840000000000003	5.680135662457822
29.85	5.682234637451422
29.860000000000003	5.684333613018253
29.87	5.686432589157853
29.880000000000003	5.688531565869757
29.89	5.6906305431535005
29.900000000000002	5.692729521008624
29.910000000000004	5.694828499434661
29.92	5.69692747843115
29.930000000000003	5.699026457997633
29.94	5.701125438133644
29.950000000000003	5.703224418838727
29.96	5.705323400112419
29.970000000000002	5.70742238195426
29.98	5.709521364363794
29.990000000000002	5.711620347340559
30.000000000000004	5.713719330884099