 0.00018   0.00000
 0.00023   0.00000
 0.00028   0.00000
 0.00034   0.00000
 0.00041   0.00000
 0.00049   0.00000
 0.00059   0.00000
 0.00069   0.00000
 0.00082   0.00000
 0.00096   0.00000
 0.00112   0.00000
 0.00131   0.00000
 0.00151   0.00000
 0.00175   0.00000
 0.00201   0.00001
 0.00229   0.00001
 0.00262   0.00001
 0.00298   0.00001
 0.00339   0.00002
 0.00383   0.00002
 0.00432   0.00003
 0.00486   0.00004
 0.00546   0.00005
 0.00611   0.00006
 0.00682   0.00007
 0.00761   0.00009
 0.00845   0.00011
 0.00940   0.00014
 0.01046   0.00017
 0.01173   0.00021
 0.01295   0.00026
 0.01428   0.00032
 0.01572   0.00038
 0.01727   0.00046
 0.01895   0.00056
 0.02002   0.00062
 0.02108   0.00069
 0.02308   0.00083
 0.02522   0.00099
 0.02752   0.00117
 0.02999   0.00139
 0.03265   0.00165
 0.03549   0.00195
 0.03856   0.00229
 0.04186   0.00270
 0.04571   0.00321
 0.04954   0.00377
 0.05319   0.00434
 0.05661   0.00490
 0.05970   0.00545
 0.06279   0.00602
 0.06627   0.00669
 0.06986   0.00742
 0.07345   0.00818
 0.07802   0.00921
 0.08265   0.01031
 0.08728   0.01147
 0.09334   0.01308
 0.09941   0.01478
 0.10656   0.01691
 0.10943   0.01780
 0.11230   0.01871
 0.11566   0.01980
 0.12587   0.02330
 0.12962   0.02464
 0.13336   0.02602
 0.13804   0.02779
 0.14339   0.02987
 0.14875   0.03202
 0.15531   0.03474
 0.15954   0.03654
 0.16378   0.03838
 0.16900   0.04071
 0.17755   0.04463
 0.18406   0.04771
 0.18840   0.04981
 0.19274   0.05194
 0.19808   0.05461
 0.20429   0.05778
 0.21003   0.06077
 0.21731   0.06463
 0.22456   0.06857
 0.22982   0.07146
 0.23507   0.07440
 0.23995   0.07716
 0.24482   0.07995
 0.24987   0.08288
 0.25492   0.08583
 0.26018   0.08894
 0.26513   0.09189
 0.27002   0.09484
 0.27490   0.09780
 0.27954   0.10063
 0.28417   0.10349
 0.28891   0.10642
 0.29365   0.10938
 0.29918   0.11285
 0.30829   0.11861
 0.31740   0.12442
 0.32520   0.12943
 0.32990   0.13247
 0.33461   0.13551
 0.33985   0.13891
 0.34509   0.14231
 0.35443   0.14839
 0.36024   0.15218
 0.36576   0.15578
 0.37790   0.16369
 0.38892   0.17086
 0.39920   0.17751
 0.40771   0.18298
 0.41621   0.18842
 0.42455   0.19372
 0.42898   0.19652
 0.43245   0.19870
 0.43562   0.20068
 0.44582   0.20702
 0.45602   0.21327
 0.46480   0.21857
 0.47358   0.22379
 0.48037   0.22776
 0.48666   0.23140
 0.49820   0.23794
 0.50874   0.24376
 0.51988   0.24974
 0.52900   0.25450
 0.53812   0.25911
 0.54947   0.26466
 0.55776   0.26857
 0.56604   0.27235
 0.57510   0.27633
 0.58916   0.28219
 0.59916   0.28611
 0.60916   0.28982
 0.62230   0.29435
 0.63046   0.29697
 0.63798   0.29924
 0.64688   0.30176
 0.65578   0.30409
 0.66656   0.30665
 0.67638   0.30872
 0.68620   0.31055
 0.69851   0.31248
 0.70812   0.31372
 0.71773   0.31470
 0.72907   0.31555
 0.73856   0.31598
 0.74806   0.31617
 0.76007   0.31605
 0.77033   0.31563
 0.78058   0.31491
 0.78996   0.31399
 0.79895   0.31288
 0.80794   0.31154
 0.81831   0.30972
 0.82868   0.30759
 0.84236   0.30432
 0.86043   0.29919
 0.87833   0.29323
 0.89206   0.28806
 0.90573   0.28242
 0.92026   0.27588
 0.93509   0.26863
 0.94973   0.26094
 0.96881   0.25012
 0.98840   0.23812
 1.00834   0.22501
 1.02822   0.21109
 1.04818   0.19631
 1.06868   0.18036
 1.09028   0.16277
 1.11292   0.14354
 1.13516   0.12398
 1.15753   0.10369
 1.18212   0.08082
 1.20902   0.05527
 1.23631   0.02896
 1.26354   0.00250
 1.29169  -0.02488
 1.31980  -0.05202
 1.34798  -0.07884
 1.37562  -0.10456
 1.40205  -0.12842
 1.43052  -0.15317
 1.45808  -0.17599
 1.48356  -0.19594
 1.51355  -0.21785
 1.54388  -0.23810
 1.57361  -0.25591
 1.60101  -0.27041
 1.62391  -0.28105
 1.64682  -0.29028
 1.66929  -0.29793
 1.69209  -0.30423
 1.71477  -0.30900
 1.73582  -0.31208
 1.75703  -0.31386
 1.77844  -0.31430
 1.80008  -0.31336
 1.82242  -0.31094
 1.84498  -0.30702
 1.86648  -0.30191
 1.88861  -0.29528
 1.91151  -0.28700
 1.93539  -0.27686
 1.95824  -0.26578
 1.98208  -0.25284
 2.00757  -0.23754
 2.03216  -0.22141
 2.06041  -0.20137
 2.08638  -0.18162
 2.11197  -0.16106
 2.13996  -0.13747
 2.16699  -0.11374
 2.19418  -0.08911
 2.22232  -0.06299
 2.25093  -0.03597
 2.27962  -0.00860
 2.30849   0.01901
 2.33754   0.04663
 2.36680   0.07410
 2.39610   0.10104
 2.42527   0.12709
 2.45431   0.15206
 2.48339   0.17593
 2.51260   0.19858
 2.54137   0.21942
 2.56934   0.23814
 2.59633   0.25465
 2.62257   0.26915
 2.65022   0.28267
 2.67620   0.29366
 2.70137   0.30267
 2.72733   0.31021
 2.75209   0.31572
 2.77794   0.31969
 2.80228   0.32176
 2.82777   0.32216
 2.85169   0.32091
 2.87671   0.31793
 2.90086   0.31344
 2.92586   0.30716
 2.95044   0.29941
 2.97577   0.28982
 3.00093   0.27874
 3.02701   0.26570
 3.05295   0.25123
 3.08022   0.23450
 3.10710   0.21659
 3.13417   0.19723
 3.16198   0.17611
 3.19033   0.15343
 3.21884   0.12960
 3.24770   0.10459
 3.27696   0.07852
 3.30661   0.05154
 3.33663   0.02386
 3.36694  -0.00427
 3.39745  -0.03256
 3.42821  -0.06083
 3.45917  -0.08881
 3.49021  -0.11620
 3.52120  -0.14266
 3.55207  -0.16794
 3.58274  -0.19180
 3.61312  -0.21406
 3.64317  -0.23456
 3.67284  -0.25318
 3.70207  -0.26985
 3.73082  -0.28450
 3.75902  -0.29713
 3.78672  -0.30777
 3.81400  -0.31649
 3.84129  -0.32342
 3.86829  -0.32849
 3.89478  -0.33170
 3.92105  -0.33316
 3.94728  -0.33290
 3.97314  -0.33097
 3.99969  -0.32727
 4.02612  -0.32190
 4.05271  -0.31481
 4.08007  -0.30581
 4.10739  -0.29515
 4.13496  -0.28276
 4.16292  -0.26860
 4.19154  -0.25253
 4.22040  -0.23481
 4.24956  -0.21548
 4.27909  -0.19457
 4.30903  -0.17213
 4.33941  -0.14824
 4.37023  -0.12302
 4.40148  -0.09660
 4.43317  -0.06915
 4.46523  -0.04088
 4.49757  -0.01206
 4.53016   0.01705
 4.56292   0.04621
 4.59601   0.07530
 4.62932   0.10403
 4.66274   0.13206
 4.69617   0.15911
 4.72942   0.18482
 4.76239   0.20898
 4.79512   0.23146
 4.82742   0.25205
 4.85923   0.27063
 4.89064   0.28722
 4.92170   0.30181
 4.95244   0.31439
 4.98287   0.32496
 5.01298   0.33351
 5.04280   0.34008
 5.07232   0.34469
 5.10155   0.34738
 5.13051   0.34819
 5.15918   0.34720
 5.18787   0.34442
 5.21682   0.33983
 5.24604   0.33342
 5.27557   0.32515
 5.30547   0.31501
 5.33572   0.30301
 5.36634   0.28915
 5.39733   0.27346
 5.42873   0.25594
 5.46058   0.23665
 5.49288   0.21563
 5.52569   0.19291
 5.55889   0.16869
 5.59252   0.14304
 5.62664   0.11606
 5.66115   0.08799
 5.69606   0.05897
 5.73132   0.02925
 5.76688  -0.00093
 5.80267  -0.03130
 5.83876  -0.06169
 5.87523  -0.09195
 5.91199  -0.12177
 5.94894  -0.15084
 5.98594  -0.17882
 6.02288  -0.20544
 6.05965  -0.23045
 6.09609  -0.25360
 6.13221  -0.27478
 6.16797  -0.29390
 6.20328  -0.31086
 6.23829  -0.32570
 6.27283  -0.33832
 6.30711  -0.34881
 6.34097  -0.35714
 6.37458  -0.36336
 6.40795  -0.36750
 6.44099  -0.36961
 6.47386  -0.36972
 6.50659  -0.36789
 6.53950  -0.36412
 6.57276  -0.35837
 6.60647  -0.35060
 6.64047  -0.34084
 6.67490  -0.32906
 6.70979  -0.31526
 6.74507  -0.29948
 6.78085  -0.28172
 6.81708  -0.26205
 6.85378  -0.24053
 6.89102  -0.21720
 6.92872  -0.19221
 6.96691  -0.16566
 7.00559  -0.13769
 7.04475  -0.10846
 7.08436  -0.07817
 7.12437  -0.04703
 7.16476  -0.01529
 7.20547   0.01683
 7.24648   0.04905
 7.28806   0.08138
 7.33019   0.11356
 7.37281   0.14528
 7.41585   0.17625
 7.45918   0.20613
 7.50265   0.23460
 7.54615   0.26138
 7.58954   0.28622
 7.63268   0.30891
 7.67555   0.32935
 7.71811   0.34745
 7.76030   0.36314
 7.80215   0.37642
 7.84371   0.38730
 7.88501   0.39580
 7.92606   0.40194
 7.96686   0.40575
 8.00747   0.40729
 8.04790   0.40660
 8.08838   0.40373
 8.12932   0.39864
 8.17075   0.39131
 8.21270   0.38174
 8.25521   0.36990
 8.29829   0.35581
 8.34191   0.33952
 8.38614   0.32102
 8.43099   0.30039
 8.47645   0.27769
 8.52255   0.25301
 8.56929   0.22646
 8.61665   0.19817
 8.66467   0.16825
 8.71334   0.13689
 8.76266   0.10426
 8.81262   0.07053
 8.86325   0.03591
 8.91456   0.00060
 8.96658  -0.03521
 9.01956  -0.07145
 9.07381  -0.10808
 9.12945  -0.14492
 9.18658  -0.18173
 9.24531  -0.21826
 9.30567  -0.25420
 9.36763  -0.28919
 9.43101  -0.32277
 9.49550  -0.35446
 9.56069  -0.38382
 9.62616  -0.41048
 9.69163  -0.43422
 9.75694  -0.45497
 9.82208  -0.47273
 9.88706  -0.48754
 9.95200  -0.49949
 10.01697  -0.50867
 10.08210  -0.51518
 10.14746  -0.51910
 10.21318  -0.52056
 10.27934  -0.51964
 10.34624  -0.51644
 10.41423  -0.51104
 10.48338  -0.50350
 10.55376  -0.49393
 10.62547  -0.48242
 10.69858  -0.46911
 10.77319  -0.45410
 10.84937  -0.43755
 10.92720  -0.41962
 11.00674  -0.40048
 11.08800  -0.38033
 11.17097  -0.35938
 11.25561  -0.33786
 11.34189  -0.31599
 11.42981  -0.29400
 11.51946  -0.27205
 11.61105  -0.25032
 11.70496  -0.22890
 11.80183  -0.20784
 11.90263  -0.18716
 12.00890  -0.16680
 12.12234  -0.14673
 12.24014  -0.12775
 12.35150  -0.11151
 12.45452  -0.09792
 12.55189  -0.08628
 12.64546  -0.07616
 12.73636  -0.06727
 12.82528  -0.05941
 12.91274  -0.05243
 12.99912  -0.04623
 13.08469  -0.04071
 13.16972  -0.03580
 13.25439  -0.03142
 13.33889  -0.02752
 13.42337  -0.02406
 13.50797  -0.02098
 13.59283  -0.01824
 13.67807  -0.01582
 13.76381  -0.01368
 13.85017  -0.01179
 13.93725  -0.01013
 14.02518  -0.00867
 14.11407  -0.00739
 14.20404  -0.00628
 14.29520  -0.00530
 14.38769  -0.00446
 14.48164  -0.00374
 14.57718  -0.00311
 14.67447  -0.00257
 14.77366  -0.00212
 14.87492  -0.00173
 14.97844  -0.00140
 15.08443  -0.00113
 15.19309  -0.00090
 15.30468  -0.00071
 15.41946  -0.00056
 15.53773  -0.00043
 15.65983  -0.00033
 15.78615  -0.00025
 15.91710  -0.00019
 16.05319  -0.00014
 16.19497  -0.00010
 16.34312  -0.00007
 16.49840  -0.00005
 16.66174  -0.00003
 16.73901  -0.00003
