 0.00032   0.00000
 0.00047   0.00000
 0.00069   0.00000
 0.00096   0.00000
 0.00130   0.00000
 0.00169   0.00000
 0.00215   0.00000
 0.00269   0.00000
 0.00330   0.00000
 0.00399   0.00000
 0.00476   0.00000
 0.00562   0.00000
 0.00657   0.00000
 0.00761   0.00000
 0.00874   0.00000
 0.00998   0.00000
 0.01131   0.00000
 0.01275   0.00000
 0.01430   0.00000
 0.01596   0.00000
 0.01773   0.00000
 0.01961   0.00000
 0.02161   0.00001
 0.02373   0.00001
 0.02597   0.00001
 0.02835   0.00001
 0.03085   0.00002
 0.03358   0.00002
 0.03636   0.00003
 0.03927   0.00004
 0.04232   0.00004
 0.04546   0.00005
 0.04879   0.00007
 0.05228   0.00008
 0.05585   0.00010
 0.05963   0.00012
 0.06358   0.00015
 0.06764   0.00018
 0.07191   0.00021
 0.07661   0.00026
 0.08123   0.00031
 0.08624   0.00037
 0.09122   0.00043
 0.09665   0.00052
 0.10200   0.00060
 0.10777   0.00071
 0.11352   0.00083
 0.11934   0.00096
 0.12548   0.00112
 0.13165   0.00129
 0.13848   0.00149
 0.14527   0.00172
 0.15182   0.00196
 0.15930   0.00225
 0.16679   0.00258
 0.17424   0.00293
 0.18237   0.00335
 0.18890   0.00371
 0.19543   0.00410
 0.20299   0.00458
 0.21176   0.00517
 0.21968   0.00576
 0.22917   0.00650
 0.23877   0.00732
 0.24833   0.00820
 0.25787   0.00914
 0.26734   0.01013
 0.27665   0.01118
 0.28568   0.01225
 0.29576   0.01352
 0.30670   0.01499
 0.31763   0.01655
 0.32768   0.01807
 0.33782   0.01968
 0.34812   0.02141
 0.35874   0.02328
 0.36992   0.02536
 0.38223   0.02776
 0.39048   0.02945
 0.39796   0.03103
 0.40767   0.03316
 0.41739   0.03536
 0.42459   0.03705
 0.42919   0.03815
 0.43379   0.03928
 0.43855   0.04046
 0.44805   0.04287
 0.45755   0.04536
 0.46859   0.04836
 0.47857   0.05116
 0.48854   0.05405
 0.49797   0.05686
 0.50741   0.05974
 0.51852   0.06324
 0.52848   0.06646
 0.53844   0.06977
 0.54808   0.07306
 0.55772   0.07641
 0.56933   0.08056
 0.58241   0.08536
 0.59446   0.08990
 0.60555   0.09418
 0.61835   0.09924
 0.62789   0.10308
 0.63743   0.10700
 0.64898   0.11182
 0.66199   0.11737
 0.67411   0.12263
 0.68515   0.12751
 0.69730   0.13297
 0.70820   0.13795
 0.71910   0.14299
 0.73039   0.14828
 0.73927   0.15248
 0.74814   0.15673
 0.75994   0.16243
 0.77175   0.16820
 0.78318   0.17385
 0.79367   0.17907
 0.80422   0.18437
 0.81534   0.18999
 0.82829   0.19659
 0.83816   0.20165
 0.84804   0.20674
 0.85858   0.21219
 0.86911   0.21767
 0.87872   0.22268
 0.88833   0.22770
 0.90047   0.23405
 0.91189   0.24005
 0.92614   0.24753
 0.94037   0.25500
 0.95188   0.26104
 0.96339   0.26707
 0.97451   0.27287
 0.98655   0.27914
 1.00037   0.28630
 1.00919   0.29085
 1.01800   0.29537
 1.02780   0.30037
 1.03759   0.30534
 1.04965   0.31142
 1.05958   0.31639
 1.06952   0.32131
 1.08230   0.32759
 1.09509   0.33378
 1.10764   0.33978
 1.12254   0.34679
 1.13744   0.35367
 1.14833   0.35860
 1.15923   0.36346
 1.16946   0.36795
 1.17969   0.37236
 1.19686   0.37958
 1.21032   0.38507
 1.22166   0.38958
 1.23300   0.39398
 1.24380   0.39805
 1.25500   0.40217
 1.26778   0.40672
 1.27895   0.41056
 1.29012   0.41427
 1.30371   0.41862
 1.31597   0.42236
 1.32848   0.42601
 1.33914   0.42899
 1.34980   0.43182
 1.36648   0.43600
 1.37831   0.43875
 1.39013   0.44133
 1.40385   0.44411
 1.41641   0.44644
 1.43020   0.44876
 1.44398   0.45083
 1.45669   0.45251
 1.46820   0.45384
 1.47971   0.45498
 1.49518   0.45624
 1.50939   0.45709
 1.52615   0.45773
 1.53769   0.45793
 1.54923   0.45794
 1.56401   0.45766
 1.57749   0.45714
 1.59859   0.45577
 1.61874   0.45384
 1.63893   0.45130
 1.65969   0.44805
 1.67745   0.44476
 1.69521   0.44099
 1.71295   0.43676
 1.73409   0.43111
 1.75452   0.42502
 1.77456   0.41845
 1.79474   0.41125
 1.81543   0.40327
 1.83717   0.39423
 1.86104   0.38355
 1.88808   0.37054
 1.91507   0.35659
 1.94167   0.34195
 1.96989   0.32547
 2.00151   0.30592
 2.04196   0.27934
 2.07534   0.25616
 2.10873   0.23196
 2.14164   0.20719
 2.18035   0.17705
 2.21600   0.14844
 2.25263   0.11836
 2.28974   0.08730
 2.32568   0.05680
 2.36184   0.02586
 2.39772  -0.00496
 2.43328  -0.03548
 2.46899  -0.06598
 2.50518  -0.09657
 2.54186  -0.12715
 2.57907  -0.15754
 2.61616  -0.18709
 2.65423  -0.21650
 2.69311  -0.24542
 2.73279  -0.27362
 2.77283  -0.30061
 2.81333  -0.32626
 2.85467  -0.35060
 2.89231  -0.37103
 2.92994  -0.38972
 2.96576  -0.40585
 3.00453  -0.42139
 3.04006  -0.43384
 3.07474  -0.44430
 3.10919  -0.45302
 3.14269  -0.45987
 3.17650  -0.46515
 3.20903  -0.46867
 3.24133  -0.47065
 3.27290  -0.47114
 3.30448  -0.47020
 3.34472  -0.46696
 3.38415  -0.46160
 3.42485  -0.45385
 3.46490  -0.44409
 3.50540  -0.43212
 3.54532  -0.41834
 3.58591  -0.40241
 3.62606  -0.38483
 3.66648  -0.36540
 3.70693  -0.34433
 3.74743  -0.32171
 3.78801  -0.29765
 3.82870  -0.27223
 3.86991  -0.24530
 3.91166  -0.21693
 3.95422  -0.18703
 3.99742  -0.15582
 4.04031  -0.12414
 4.08328  -0.09184
 4.12654  -0.05892
 4.16982  -0.02573
 4.21314   0.00760
 4.25653   0.04096
 4.30067   0.07471
 4.34589   0.10897
 4.39222   0.14357
 4.43979   0.17843
 4.48863   0.21335
 4.53886   0.24822
 4.59050   0.28277
 4.64330   0.31662
 4.69804   0.34998
 4.75420   0.38225
 4.81145   0.41295
 4.86771   0.44089
 4.92610   0.46745
 4.98521   0.49177
 5.04324   0.51306
 5.09958   0.53129
 5.15512   0.54691
 5.21244   0.56060
 5.26730   0.57142
 5.32393   0.58031
 5.37943   0.58683
 5.43383   0.59120
 5.48927   0.59365
 5.54370   0.59420
 5.59901   0.59295
 5.65443   0.58998
 5.71210   0.58518
 5.76906   0.57884
 5.82789   0.57075
 5.88880   0.56089
 5.95030   0.54953
 6.01219   0.53683
 6.07485   0.52285
 6.13994   0.50729
 6.20575   0.49065
 6.27346   0.47275
 6.34127   0.45422
 6.41070   0.43478
 6.48155   0.41463
 6.55355   0.39399
 6.62652   0.37307
 6.70123   0.35178
 6.77704   0.33048
 6.85424   0.30921
 6.93257   0.28820
 7.01267   0.26739
 7.09476   0.24688
 7.17928   0.22669
 7.26737   0.20673
 7.35944   0.18708
 7.45652   0.16775
 7.55547   0.14951
 7.64964   0.13352
 7.73767   0.11975
 7.82107   0.10771
 7.90106   0.09707
 7.97856   0.08756
 8.05410   0.07901
 8.12820   0.07129
 8.20103   0.06430
 8.27294   0.05795
 8.34409   0.05219
 8.41464   0.04694
 8.48472   0.04216
 8.55445   0.03781
 8.62395   0.03384
 8.69332   0.03021
 8.76264   0.02691
 8.83201   0.02389
 8.90149   0.02112
 8.97118   0.01860
 9.04115   0.01628
 9.11148   0.01416
 9.18225   0.01221
 9.25355   0.01040
 9.32547   0.00873
 9.39810   0.00716
 9.47154   0.00569
 9.54591   0.00430
 9.62130   0.00296
 9.69782   0.00165
 9.77547   0.00035
 9.81208  -0.00025
