 0.00032   0.00000
 0.00047   0.00000
 0.00069   0.00000
 0.00096   0.00000
 0.00130   0.00000
 0.00169   0.00000
 0.00215   0.00000
 0.00269   0.00000
 0.00330   0.00000
 0.00399   0.00000
 0.00476   0.00000
 0.00562   0.00000
 0.00657   0.00000
 0.00761   0.00000
 0.00874   0.00000
 0.00998   0.00000
 0.01131   0.00000
 0.01275   0.00000
 0.01430   0.00000
 0.01595   0.00000
 0.01772   0.00000
 0.01961   0.00000
 0.02161   0.00000
 0.02373   0.00000
 0.02597   0.00001
 0.02835   0.00001
 0.03085   0.00001
 0.03358   0.00001
 0.03635   0.00001
 0.03926   0.00002
 0.04231   0.00002
 0.04545   0.00003
 0.04878   0.00004
 0.05226   0.00004
 0.05583   0.00005
 0.05961   0.00006
 0.06355   0.00008
 0.06761   0.00009
 0.07186   0.00011
 0.07658   0.00014
 0.08119   0.00016
 0.08619   0.00019
 0.09115   0.00023
 0.09657   0.00027
 0.10190   0.00032
 0.10766   0.00037
 0.11337   0.00044
 0.11925   0.00051
 0.12536   0.00059
 0.13148   0.00068
 0.13895   0.00080
 0.14571   0.00092
 0.15236   0.00105
 0.15976   0.00120
 0.16715   0.00137
 0.17471   0.00156
 0.18225   0.00177
 0.18914   0.00197
 0.19602   0.00219
 0.20382   0.00246
 0.21320   0.00280
 0.22258   0.00318
 0.23151   0.00356
 0.23986   0.00395
 0.24820   0.00436
 0.25821   0.00489
 0.26765   0.00543
 0.27702   0.00600
 0.28616   0.00659
 0.29536   0.00721
 0.30705   0.00807
 0.31738   0.00887
 0.32711   0.00967
 0.33674   0.01050
 0.34623   0.01137
 0.35642   0.01235
 0.36768   0.01349
 0.37840   0.01463
 0.38925   0.01585
 0.39776   0.01684
 0.40627   0.01788
 0.41571   0.01907
 0.42560   0.02036
 0.43549   0.02171
 0.44484   0.02304
 0.45679   0.02480
 0.47975   0.02841
 0.50016   0.03186
 0.50859   0.03336
 0.51702   0.03489
 0.52787   0.03693
 0.53930   0.03915
 0.55206   0.04171
 0.56530   0.04447
 0.57735   0.04707
 0.58982   0.04984
 0.60228   0.05271
 0.61401   0.05549
 0.62470   0.05809
 0.63596   0.06090
 0.64807   0.06401
 0.66018   0.06720
 0.67223   0.07045
 0.68358   0.07359
 0.69401   0.07655
 0.70458   0.07960
 0.71590   0.08294
 0.73012   0.08723
 0.73914   0.09001
 0.74816   0.09284
 0.75849   0.09613
 0.76882   0.09947
 0.78238   0.10396
 0.79835   0.10935
 0.80877   0.11295
 0.81919   0.11660
 0.82865   0.11996
 0.83811   0.12336
 0.84820   0.12704
 0.85828   0.13077
 0.86822   0.13448
 0.87815   0.13825
 0.88836   0.14216
 0.89857   0.14613
 0.91225   0.15151
 0.92861   0.15806
 0.93865   0.16213
 0.94869   0.16625
 0.95911   0.17056
 0.96952   0.17491
 0.98225   0.18029
 0.99497   0.18573
 1.00793   0.19133
 1.01804   0.19574
 1.02814   0.20019
 1.03857   0.20481
 1.04899   0.20946
 1.05935   0.21412
 1.06970   0.21881
 1.08198   0.22442
 1.09426   0.23006
 1.10601   0.23551
 1.11800   0.24110
 1.13000   0.24672
 1.14163   0.25222
 1.15262   0.25743
 1.16299   0.26237
 1.17335   0.26733
 1.18402   0.27246
 1.19542   0.27797
 1.20902   0.28456
 1.21902   0.28942
 1.22901   0.29430
 1.24262   0.30096
 1.25533   0.30720
 1.26886   0.31386
 1.28520   0.32192
 1.29993   0.32920
 1.31649   0.33740
 1.32923   0.34372
 1.34197   0.35004
 1.35587   0.35694
 1.36897   0.36343
 1.38207   0.36992
 1.39692   0.37727
 1.40842   0.38296
 1.41992   0.38863
 1.43629   0.39669
 1.44956   0.40320
 1.46283   0.40969
 1.47532   0.41579
 1.48959   0.42272
 1.50665   0.43097
 1.52343   0.43903
 1.53856   0.44626
 1.55949   0.45617
 1.58043   0.46599
 1.60042   0.47527
 1.62041   0.48445
 1.64428   0.49525
 1.66694   0.50535
 1.68775   0.51448
 1.70817   0.52329
 1.72879   0.53204
 1.75018   0.54095
 1.77355   0.55048
 1.79517   0.55910
 1.81485   0.56677
 1.83327   0.57380
 1.85843   0.58316
 1.87620   0.58959
 1.89397   0.59588
 1.91099   0.60175
 1.92636   0.60694
 1.94360   0.61261
 1.96023   0.61794
 1.97976   0.62402
 1.99828   0.62959
 2.01679   0.63499
 2.03608   0.64041
 2.05544   0.64565
 2.07453   0.65061
 2.09303   0.65523
 2.11299   0.66000
 2.12843   0.66353
 2.14387   0.66693
 2.15972   0.67027
 2.18414   0.67514
 2.20828   0.67962
 2.22677   0.68282
 2.24526   0.68582
 2.26397   0.68865
 2.27921   0.69081
 2.29445   0.69283
 2.31055   0.69482
 2.32714   0.69671
 2.34617   0.69868
 2.36583   0.70050
 2.38570   0.70211
 2.40562   0.70350
 2.42556   0.70466
 2.44545   0.70559
 2.46527   0.70630
 2.48493   0.70678
 2.50431   0.70705
 2.52319   0.70712
 2.54573   0.70694
 2.56745   0.70651
 2.59019   0.70579
 2.62131   0.70437
 2.64796   0.70276
 2.67402   0.70084
 2.69834   0.69875
 2.71883   0.69677
 2.73932   0.69459
 2.76578   0.69149
 2.79040   0.68831
 2.84792   0.67988
 2.89251   0.67241
 2.93710   0.66416
 2.99486   0.65241
 3.03236   0.64418
 3.06986   0.63551
 3.10596   0.62677
 3.16854   0.61079
 3.22767   0.59483
 3.28679   0.57815
 3.33466   0.56418
 3.38090   0.55036
 3.42870   0.53578
 3.47673   0.52089
 3.53766   0.50173
 3.61193   0.47810
 3.68149   0.45585
 3.74855   0.43441
 3.82176   0.41115
 3.89352   0.38862
 3.96181   0.36751
 4.03176   0.34633
 4.10436   0.32490
 4.17614   0.30433
 4.25666   0.28206
 4.33640   0.26092
 4.41851   0.24016
 4.50771   0.21880
 4.59817   0.19844
 4.69284   0.17856
 4.78261   0.16104
 4.86655   0.14583
 4.94739   0.13221
 5.02342   0.12031
 5.09710   0.10959
 5.16782   0.10002
 5.23633   0.09139
 5.30394   0.08348
 5.37116   0.07617
 5.43716   0.06952
 5.50165   0.06349
 5.56618   0.05790
 5.62963   0.05281
 5.69289   0.04812
 5.75591   0.04381
 5.81827   0.03987
 5.88046   0.03625
 5.94266   0.03291
 6.00479   0.02985
 6.06672   0.02705
 6.12858   0.02448
 6.19060   0.02212
 6.25281   0.01995
 6.31519   0.01797
 6.37771   0.01615
 6.44047   0.01449
 6.50362   0.01297
 6.56712   0.01158
 6.63098   0.01031
 6.69536   0.00915
 6.76022   0.00809
 6.82567   0.00712
 6.89173   0.00623
 6.95849   0.00542
 7.02599   0.00468
 7.09433   0.00400
 7.16359   0.00337
 7.23385   0.00278
 7.30522   0.00224
 7.37783   0.00172
 7.45180   0.00123
 7.52730   0.00076
 7.60443   0.00029
 7.68321  -0.00019
 7.68430  -0.00020
