 0.00032   0.00000
 0.00047   0.00000
 0.00069   0.00000
 0.00096   0.00000
 0.00130   0.00000
 0.00169   0.00000
 0.00215   0.00000
 0.00269   0.00000
 0.00330   0.00000
 0.00399   0.00000
 0.00476   0.00000
 0.00562   0.00000
 0.00657   0.00000
 0.00761   0.00000
 0.00874   0.00000
 0.00998   0.00000
 0.01131   0.00000
 0.01275   0.00000
 0.01430   0.00000
 0.01596   0.00000
 0.01773   0.00000
 0.01961   0.00001
 0.02162   0.00001
 0.02373   0.00001
 0.02598   0.00002
 0.02835   0.00002
 0.03085   0.00003
 0.03359   0.00003
 0.03636   0.00004
 0.03928   0.00005
 0.04233   0.00007
 0.04547   0.00008
 0.04881   0.00010
 0.05230   0.00012
 0.05587   0.00015
 0.05966   0.00018
 0.06361   0.00022
 0.06768   0.00027
 0.07196   0.00032
 0.07665   0.00039
 0.08128   0.00046
 0.08631   0.00055
 0.09130   0.00065
 0.09674   0.00078
 0.10212   0.00091
 0.10792   0.00107
 0.11370   0.00125
 0.11946   0.00145
 0.12564   0.00168
 0.13188   0.00194
 0.13804   0.00222
 0.14419   0.00252
 0.14959   0.00281
 0.15498   0.00311
 0.16194   0.00354
 0.16957   0.00405
 0.17749   0.00463
 0.18548   0.00526
 0.19303   0.00590
 0.20210   0.00674
 0.20890   0.00742
 0.21571   0.00814
 0.22377   0.00904
 0.23436   0.01032
 0.24547   0.01178
 0.25658   0.01336
 0.26630   0.01485
 0.27602   0.01643
 0.28661   0.01826
 0.29757   0.02029
 0.30768   0.02227
 0.31778   0.02436
 0.32806   0.02661
 0.33864   0.02904
 0.34977   0.03173
 0.36200   0.03485
 0.36916   0.03675
 0.37632   0.03871
 0.38635   0.04155
 0.39824   0.04506
 0.40968   0.04859
 0.41782   0.05119
 0.42494   0.05352
 0.42919   0.05494
 0.43345   0.05638
 0.43795   0.05792
 0.44931   0.06192
 0.45861   0.06529
 0.46791   0.06875
 0.47973   0.07327
 0.49014   0.07737
 0.49942   0.08111
 0.50870   0.08494
 0.51973   0.08959
 0.52886   0.09353
 0.53799   0.09754
 0.54887   0.10240
 0.55975   0.10737
 0.56874   0.11154
 0.57772   0.11577
 0.58985   0.12157
 0.59873   0.12588
 0.60762   0.13024
 0.61972   0.13626
 0.62888   0.14088
 0.63804   0.14553
 0.64816   0.15072
 0.65828   0.15595
 0.66827   0.16116
 0.67826   0.16640
 0.68824   0.17166
 0.69822   0.17695
 0.70832   0.18233
 0.71842   0.18772
 0.72804   0.19286
 0.73765   0.19801
 0.74982   0.20452
 0.76189   0.21098
 0.77396   0.21741
 0.78519   0.22338
 0.79773   0.23001
 0.80886   0.23585
 0.81999   0.24164
 0.83174   0.24771
 0.84345   0.25368
 0.85440   0.25920
 0.86597   0.26495
 0.87808   0.27088
 0.89018   0.27669
 0.90153   0.28204
 0.91198   0.28687
 0.92254   0.29165
 0.93266   0.29613
 0.94269   0.30047
 0.95272   0.30470
 0.96280   0.30884
 0.97295   0.31289
 0.98327   0.31688
 0.99391   0.32086
 1.00525   0.32493
 1.01806   0.32932
 1.02820   0.33264
 1.03834   0.33580
 1.04818   0.33873
 1.05802   0.34150
 1.06883   0.34438
 1.07963   0.34706
 1.09243   0.34999
 1.10415   0.35244
 1.11553   0.35458
 1.12888   0.35680
 1.13912   0.35828
 1.14936   0.35957
 1.15952   0.36066
 1.16968   0.36155
 1.17944   0.36222
 1.18920   0.36271
 1.19898   0.36301
 1.20876   0.36312
 1.21878   0.36303
 1.22879   0.36274
 1.23915   0.36223
 1.24952   0.36150
 1.26611   0.35986
 1.27809   0.35833
 1.29008   0.35649
 1.30511   0.35377
 1.31960   0.35070
 1.33785   0.34621
 1.35622   0.34099
 1.37398   0.33527
 1.39074   0.32929
 1.40719   0.32287
 1.42574   0.31497
 1.44461   0.30624
 1.46350   0.29681
 1.48577   0.28483
 1.50773   0.27214
 1.53102   0.25775
 1.56032   0.23838
 1.58851   0.21847
 1.61468   0.19897
 1.64167   0.17792
 1.67356   0.15195
 1.70485   0.12545
 1.73514   0.09902
 1.76473   0.07261
 1.79453   0.04558
 1.82421   0.01838
 1.85367  -0.00873
 1.88289  -0.03557
 1.91215  -0.06223
 1.94159  -0.08869
 1.97121  -0.11478
 2.00091  -0.14024
 2.03059  -0.16484
 2.06001  -0.18823
 2.08872  -0.20998
 2.11677  -0.23008
 2.14393  -0.24836
 2.17425  -0.26726
 2.20405  -0.28420
 2.23395  -0.29944
 2.26375  -0.31280
 2.29369  -0.32429
 2.32329  -0.33369
 2.35378  -0.34128
 2.38192  -0.34635
 2.40625  -0.34922
 2.42972  -0.35065
 2.45361  -0.35074
 2.47928  -0.34932
 2.50326  -0.34658
 2.53113  -0.34169
 2.55699  -0.33553
 2.58155  -0.32827
 2.60946  -0.31840
 2.63529  -0.30777
 2.66055  -0.29603
 2.68767  -0.28201
 2.71425  -0.26691
 2.74211  -0.24973
 2.77117  -0.23042
 2.79982  -0.21012
 2.82828  -0.18881
 2.85691  -0.16635
 2.88578  -0.14279
 2.91490  -0.11823
 2.94458  -0.09252
 2.97446  -0.06608
 3.00442  -0.03919
 3.03440  -0.01206
 3.06434   0.01511
 3.09423   0.04215
 3.12439   0.06919
 3.15482   0.09605
 3.18546   0.12252
 3.21620   0.14835
 3.24691   0.17324
 3.27756   0.19705
 3.30808   0.21960
 3.33839   0.24071
 3.36844   0.26026
 3.39816   0.27815
 3.42750   0.29431
 3.45642   0.30869
 3.48488   0.32127
 3.51336   0.33225
 3.54244   0.34175
 3.57090   0.34933
 3.59851   0.35503
 3.62536   0.35899
 3.65160   0.36135
 3.67855   0.36219
 3.70448   0.36151
 3.73051   0.35936
 3.75703   0.35567
 3.78352   0.35050
 3.81126   0.34351
 3.83906   0.33494
 3.86684   0.32485
 3.89485   0.31319
 3.92349   0.29978
 3.95309   0.28442
 3.98307   0.26739
 4.01339   0.24876
 4.04408   0.22856
 4.07496   0.20699
 4.10602   0.18417
 4.13726   0.16020
 4.16880   0.13511
 4.20062   0.10903
 4.23269   0.08212
 4.26495   0.05459
 4.29725   0.02669
 4.32959  -0.00137
 4.36192  -0.02944
 4.39445  -0.05750
 4.42733  -0.08553
 4.46053  -0.11333
 4.49403  -0.14071
 4.52782  -0.16746
 4.56167  -0.19326
 4.59566  -0.21799
 4.62958  -0.24136
 4.66327  -0.26316
 4.69703  -0.28344
 4.73014  -0.30174
 4.76297  -0.31821
 4.79577  -0.33294
 4.82789  -0.34562
 4.85953  -0.35636
 4.89083  -0.36525
 4.92189  -0.37232
 4.95275  -0.37759
 4.98337  -0.38109
 5.01374  -0.38285
 5.04371  -0.38291
 5.07336  -0.38135
 5.10347  -0.37813
 5.13396  -0.37322
 5.16478  -0.36659
 5.19587  -0.35825
 5.22722  -0.34821
 5.25899  -0.33643
 5.29125  -0.32287
 5.32409  -0.30749
 5.35751  -0.29030
 5.39111  -0.27154
 5.42526  -0.25108
 5.45985  -0.22903
 5.49476  -0.20556
 5.53015  -0.18065
 5.56578  -0.15459
 5.60173  -0.12743
 5.63792  -0.09938
 5.67428  -0.07065
 5.71083  -0.04138
 5.74746  -0.01181
 5.78417   0.01788
 5.82097   0.04756
 5.85828   0.07738
 5.89612   0.10718
 5.93447   0.13676
 5.97332   0.16591
 6.01261   0.19441
 6.05225   0.22199
 6.09214   0.24840
 6.13215   0.27339
 6.17216   0.29674
 6.21205   0.31827
 6.25170   0.33784
 6.29105   0.35536
 6.33002   0.37078
 6.36858   0.38407
 6.40676   0.39525
 6.44463   0.40438
 6.48231   0.41148
 6.51958   0.41656
 6.55640   0.41967
 6.59296   0.42090
 6.62938   0.42029
 6.66560   0.41788
 6.70248   0.41363
 6.73994   0.40748
 6.77782   0.39944
 6.81624   0.38948
 6.85534   0.37754
 6.89507   0.36362
 6.93540   0.34774
 6.97629   0.32995
 7.01771   0.31029
 7.05964   0.28885
 7.10211   0.26568
 7.14515   0.24084
 7.18872   0.21446
 7.23270   0.18672
 7.27715   0.15772
 7.32202   0.12762
 7.36727   0.09660
 7.41290   0.06483
 7.45890   0.03246
 7.50525  -0.00032
 7.55197  -0.03336
 7.59940  -0.06674
 7.64795  -0.10055
 7.69770  -0.13464
 7.74876  -0.16888
 7.80122  -0.20309
 7.85516  -0.23707
 7.91065  -0.27056
 7.96760  -0.30326
 8.02594  -0.33481
 8.08536  -0.36480
 8.14542  -0.39278
 8.20573  -0.41844
 8.26598  -0.44156
 8.32600  -0.46206
 8.38573  -0.47993
 8.44517  -0.49521
 8.50437  -0.50797
 8.56339  -0.51831
 8.62232  -0.52630
 8.68122  -0.53205
 8.74020  -0.53563
 8.79935  -0.53716
 8.85874  -0.53670
 8.91861  -0.53434
 8.97954  -0.53012
 9.04153  -0.52407
 9.10461  -0.51627
 9.16889  -0.50675
 9.23436  -0.49561
 9.30106  -0.48293
 9.36904  -0.46883
 9.43840  -0.45339
 9.50915  -0.43676
 9.58130  -0.41906
 9.65486  -0.40046
 9.72983  -0.38110
 9.80623  -0.36116
 9.88400  -0.34082
 9.96313  -0.32024
 10.04367  -0.29959
 10.12568  -0.27900
 10.20933  -0.25860
 10.29492  -0.23845
 10.38290  -0.21862
 10.47400  -0.19910
 10.56926  -0.17987
 10.66999  -0.16088
 10.77594  -0.14243
 10.88025  -0.12579
 10.97741  -0.11162
 11.06857  -0.09946
 11.15556  -0.08884
 11.23959  -0.07945
 11.32142  -0.07109
 11.40157  -0.06361
 11.48041  -0.05689
 11.55824  -0.05086
 11.63530  -0.04542
 11.71177  -0.04052
 11.78782  -0.03611
 11.86359  -0.03212
 11.93921  -0.02854
 12.01479  -0.02530
 12.09043  -0.02239
 12.16623  -0.01978
 12.24229  -0.01743
 12.31869  -0.01532
 12.39552  -0.01343
 12.47286  -0.01174
 12.55080  -0.01024
 12.62942  -0.00889
 12.70880  -0.00769
 12.78905  -0.00663
 12.87024  -0.00568
 12.95247  -0.00485
 13.03586  -0.00411
 13.12050  -0.00345
 13.20653  -0.00287
 13.29408  -0.00236
 13.38331  -0.00190
 13.47441  -0.00149
 13.56761  -0.00112
 13.66318  -0.00077
 13.76147  -0.00045
 13.86290  -0.00014
 13.96783   0.00018
 14.07602   0.00052
 14.15783   0.00080
