 0.00010   0.00015
 0.00018   0.00026
 0.00023   0.00034
 0.00029   0.00042
 0.00036   0.00053
 0.00040   0.00059
 0.00044   0.00065
 0.00059   0.00086
 0.00070   0.00102
 0.00079   0.00115
 0.00088   0.00129
 0.00098   0.00143
 0.00107   0.00157
 0.00117   0.00172
 0.00173   0.00254
 0.00187   0.00273
 0.00200   0.00292
 0.00244   0.00357
 0.00289   0.00422
 0.00318   0.00464
 0.00347   0.00506
 0.00389   0.00568
 0.00417   0.00609
 0.00445   0.00650
 0.00494   0.00720
 0.00536   0.00782
 0.00575   0.00838
 0.00633   0.00922
 0.00691   0.01007
 0.00744   0.01084
 0.00793   0.01155
 0.00879   0.01280
 0.00942   0.01372
 0.01000   0.01455
 0.01511   0.02192
 0.01995   0.02884
 0.02049   0.02962
 0.02099   0.03033
 0.02600   0.03743
 0.02729   0.03925
 0.02858   0.04107
 0.02944   0.04227
 0.02999   0.04304
 0.03054   0.04382
 0.03134   0.04495
 0.03941   0.05616
 0.03988   0.05681
 0.04035   0.05746
 0.04086   0.05816
 0.04598   0.06519
 0.04799   0.06793
 0.05000   0.07065
 0.05366   0.07560
 0.05732   0.08051
 0.05962   0.08358
 0.06074   0.08506
 0.06179   0.08646
 0.06504   0.09074
 0.06829   0.09500
 0.06994   0.09716
 0.07159   0.09930
 0.07359   0.10189
 0.07797   0.10752
 0.07970   0.10973
 0.08142   0.11193
 0.08301   0.11393
 0.08587   0.11755
 0.08874   0.12113
 0.09151   0.12459
 0.09405   0.12773
 0.09941   0.13430
 0.10126   0.13653
 0.10292   0.13854
 0.10678   0.14318
 0.11064   0.14776
 0.11527   0.15320
 0.11828   0.15670
 0.11984   0.15851
 0.12140   0.16030
 0.12334   0.16252
 0.12885   0.16876
 0.13160   0.17184
 0.13435   0.17489
 0.13852   0.17947
 0.14189   0.18313
 0.14525   0.18676
 0.14884   0.19057
 0.15175   0.19364
 0.15467   0.19668
 0.15819   0.20031
 0.15999   0.20214
 0.16178   0.20397
 0.16574   0.20795
 0.16901   0.21120
 0.17179   0.21393
 0.17456   0.21663
 0.17839   0.22031
 0.18221   0.22394
 0.18599   0.22747
 0.18977   0.23095
 0.19875   0.23902
 0.20240   0.24221
 0.20581   0.24516
 0.20911   0.24796
 0.21241   0.25073
 0.21547   0.25326
 0.21869   0.25588
 0.22191   0.25847
 0.22651   0.26210
 0.23516   0.26871
 0.23874   0.27136
 0.24231   0.27396
 0.24602   0.27661
 0.24961   0.27912
 0.25320   0.28159
 0.25730   0.28435
 0.26339   0.28832
 0.26948   0.29216
 0.27882   0.29777
 0.28331   0.30035
 0.28741   0.30264
 0.29403   0.30620
 0.29787   0.30818
 0.30171   0.31012
 0.30538   0.31191
 0.30896   0.31361
 0.31254   0.31526
 0.31619   0.31689
 0.32593   0.32100
 0.33478   0.32442
 0.33931   0.32605
 0.34384   0.32760
 0.34876   0.32920
 0.35555   0.33126
 0.35995   0.33250
 0.36435   0.33367
 0.36993   0.33504
 0.37550   0.33630
 0.38007   0.33724
 0.38464   0.33811
 0.38971   0.33898
 0.39478   0.33975
 0.39946   0.34038
 0.40414   0.34093
 0.40975   0.34148
 0.41817   0.34209
 0.42236   0.34229
 0.42655   0.34243
 0.42979   0.34250
 0.43304   0.34253
 0.43646   0.34252
 0.44505   0.34231
 0.44941   0.34210
 0.45376   0.34183
 0.45938   0.34138
 0.48027   0.33873
 0.48894   0.33720
 0.49760   0.33541
 0.50692   0.33321
 0.51544   0.33094
 0.52460   0.32825
 0.52962   0.32666
 0.53465   0.32498
 0.53962   0.32325
 0.54459   0.32144
 0.54959   0.31954
 0.55460   0.31756
 0.56096   0.31494
 0.56731   0.31220
 0.59029   0.30131
 0.59961   0.29647
 0.60893   0.29139
 0.61978   0.28517
 0.62888   0.27973
 0.63798   0.27407
 0.65000   0.26628
 0.65883   0.26034
 0.66766   0.25422
 0.67985   0.24547
 0.69175   0.23662
 0.70331   0.22775
 0.71415   0.21917
 0.72567   0.20983
 0.73996   0.19789
 0.75569   0.18435
 0.77073   0.17105
 0.78434   0.15872
 0.79845   0.14568
 0.82390   0.12157
 0.85145   0.09473
 0.87907   0.06723
 0.90596   0.04005
 0.93192   0.01360
 0.96190  -0.01704
 0.99147  -0.04713
 1.02113  -0.07700
 1.05127  -0.10681
 1.08117  -0.13567
 1.11160  -0.16410
 1.14046  -0.19001
 1.17075  -0.21595
 1.18907  -0.23095
 1.20740  -0.24539
 1.22810  -0.26097
 1.25045  -0.27690
 1.28117  -0.29716
 1.31189  -0.31543
 1.34132  -0.33098
 1.36409  -0.34163
 1.38686  -0.35105
 1.40888  -0.35897
 1.43169  -0.36592
 1.45293  -0.37122
 1.47336  -0.37524
 1.49740  -0.37862
 1.51998  -0.38045
 1.54349  -0.38098
 1.57117  -0.37982
 1.59218  -0.37765
 1.61121  -0.37474
 1.63135  -0.37069
 1.65285  -0.36529
 1.67534  -0.35847
 1.69810  -0.35038
 1.72289  -0.34024
 1.74801  -0.32861
 1.77426  -0.31505
 1.80490  -0.29749
 1.83573  -0.27806
 1.86392  -0.25885
 1.89381  -0.23710
 1.92370  -0.21404
 1.95463  -0.18896
 1.98556  -0.16278
 2.01716  -0.13506
 2.04869  -0.10660
 2.08119  -0.07661
 2.11487  -0.04503
 2.14886  -0.01285
 2.18287   0.01944
 2.21710   0.05179
 2.25180   0.08424
 2.28684   0.11642
 2.32189   0.14780
 2.35755   0.17869
 2.39227   0.20754
 2.42847   0.23615
 2.46265   0.26161
 2.49938   0.28711
 2.53295   0.30859
 2.56600   0.32792
 2.59898   0.34531
 2.63116   0.36036
 2.66486   0.37402
 2.69923   0.38567
 2.73063   0.39426
 2.76267   0.40096
 2.79315   0.40539
 2.82363   0.40791
 2.85409   0.40852
 2.88454   0.40724
 2.91718   0.40379
 2.94764   0.39865
 2.97844   0.39162
 3.00984   0.38259
 3.04196   0.37147
 3.07649   0.35747
 3.10954   0.34217
 3.14303   0.32487
 3.17932   0.30420
 3.21386   0.28280
 3.25108   0.25801
 3.28712   0.23244
 3.32316   0.20551
 3.36081   0.17610
 3.39821   0.14579
 3.43588   0.11435
 3.47426   0.08159
 3.51310   0.04792
 3.55212   0.01377
 3.59137  -0.02067
 3.63088  -0.05520
 3.67095  -0.08985
 3.71155  -0.12436
 3.75265  -0.15844
 3.79423  -0.19183
 3.83630  -0.22426
 3.87846  -0.25520
 3.92024  -0.28412
 3.96199  -0.31112
 4.00394  -0.33617
 4.04619  -0.35915
 4.08777  -0.37945
 4.12835  -0.39695
 4.16837  -0.41188
 4.20805  -0.42436
 4.24740  -0.43439
 4.28669  -0.44207
 4.32607  -0.44739
 4.36552  -0.45035
 4.40503  -0.45095
 4.44459  -0.44919
 4.48467  -0.44506
 4.52518  -0.43852
 4.56597  -0.42961
 4.60698  -0.41837
 4.64819  -0.40486
 4.68961  -0.38916
 4.73169  -0.37113
 4.77471  -0.35067
 4.81887  -0.32768
 4.86279  -0.30299
 4.90777  -0.27596
 4.95316  -0.24711
 4.99934  -0.21632
 5.04583  -0.18406
 5.09320  -0.15009
 5.14109  -0.11486
 5.18948  -0.07858
 5.23845  -0.04140
 5.28805  -0.00349
 5.33827   0.03491
 5.38933   0.07374
 5.44160   0.11305
 5.49520   0.15262
 5.55021   0.19223
 5.60673   0.23164
 5.66489   0.27060
 5.72464   0.30870
 5.78585   0.34550
 5.84840   0.38059
 5.91171   0.41334
 5.97505   0.44319
 6.03878   0.47021
 6.10239   0.49408
 6.16534   0.51464
 6.22860   0.53223
 6.29170   0.54676
 6.35432   0.55825
 6.41727   0.56695
 6.48079   0.57292
 6.54395   0.57619
 6.60754   0.57694
 6.67199   0.57524
 6.73671   0.57121
 6.80312   0.56485
 6.87007   0.55634
 6.93845   0.54571
 7.00838   0.53301
 7.07968   0.51842
 7.15227   0.50209
 7.22621   0.48420
 7.30179   0.46484
 7.37898   0.44422
 7.45798   0.42249
 7.53853   0.39992
 7.62071   0.37673
 7.70436   0.35317
 7.78949   0.32946
 7.87640   0.30574
 7.96495   0.28225
 8.05566   0.25905
 8.14901   0.23623
 8.24583   0.21379
 8.34741   0.19169
 8.45538   0.16987
 8.56934   0.14875
 8.68026   0.13006
 8.78284   0.11436
 8.87913   0.10097
 8.97123   0.08933
 9.06038   0.07908
 9.14738   0.07000
 9.23278   0.06192
 9.31697   0.05470
 9.40025   0.04823
 9.48287   0.04243
 9.56505   0.03723
 9.64697   0.03255
 9.72878   0.02835
 9.81064   0.02456
 9.89267   0.02114
 9.97503   0.01804
 10.05782   0.01524
 10.14120   0.01268
 10.22531   0.01034
 10.31027   0.00817
 10.39627   0.00615
 10.48346   0.00423
 10.57200   0.00239
 10.66199   0.00057
 10.74164  -0.00103
