 0.00018   0.00000
 0.00023   0.00000
 0.00028   0.00000
 0.00034   0.00000
 0.00041   0.00000
 0.00049   0.00000
 0.00059   0.00000
 0.00069   0.00000
 0.00082   0.00000
 0.00096   0.00000
 0.00112   0.00000
 0.00131   0.00000
 0.00151   0.00000
 0.00175   0.00000
 0.00201   0.00001
 0.00229   0.00001
 0.00262   0.00001
 0.00298   0.00001
 0.00339   0.00002
 0.00383   0.00002
 0.00432   0.00003
 0.00486   0.00004
 0.00546   0.00005
 0.00611   0.00006
 0.00682   0.00007
 0.00761   0.00009
 0.00845   0.00011
 0.00940   0.00013
 0.01046   0.00017
 0.01173   0.00021
 0.01295   0.00025
 0.01428   0.00031
 0.01571   0.00037
 0.01727   0.00045
 0.01895   0.00054
 0.02003   0.00060
 0.02111   0.00067
 0.02311   0.00080
 0.02525   0.00096
 0.02755   0.00114
 0.02973   0.00132
 0.03191   0.00152
 0.03414   0.00174
 0.03712   0.00206
 0.03905   0.00228
 0.04098   0.00251
 0.04321   0.00278
 0.04687   0.00327
 0.04944   0.00363
 0.05202   0.00402
 0.05461   0.00442
 0.05913   0.00517
 0.06256   0.00578
 0.06566   0.00636
 0.06925   0.00706
 0.07284   0.00780
 0.07627   0.00853
 0.07936   0.00922
 0.08245   0.00994
 0.08569   0.01072
 0.08872   0.01147
 0.09175   0.01224
 0.09880   0.01414
 0.10296   0.01532
 0.10678   0.01644
 0.11362   0.01854
 0.11991   0.02056
 0.12640   0.02276
 0.12942   0.02381
 0.13244   0.02488
 0.13606   0.02620
 0.14000   0.02767
 0.14393   0.02917
 0.14817   0.03082
 0.15241   0.03251
 0.15920   0.03530
 0.16738   0.03879
 0.17407   0.04174
 0.17826   0.04364
 0.18245   0.04556
 0.18749   0.04793
 0.19253   0.05034
 0.19790   0.05295
 0.20400   0.05599
 0.21011   0.05910
 0.21594   0.06211
 0.21952   0.06399
 0.22309   0.06589
 0.22794   0.06850
 0.23471   0.07219
 0.23989   0.07506
 0.24506   0.07796
 0.24941   0.08043
 0.25377   0.08293
 0.25941   0.08620
 0.26938   0.09206
 0.27935   0.09803
 0.28654   0.10240
 0.29373   0.10682
 0.29992   0.11065
 0.30610   0.11452
 0.31599   0.12075
 0.32587   0.12704
 0.33623   0.13369
 0.34659   0.14038
 0.35685   0.14705
 0.36621   0.15315
 0.37523   0.15903
 0.38673   0.16655
 0.39652   0.17293
 0.40589   0.17904
 0.41620   0.18572
 0.41933   0.18774
 0.42245   0.18975
 0.42606   0.19207
 0.43077   0.19509
 0.43548   0.19810
 0.44560   0.20453
 0.45571   0.21088
 0.46743   0.21816
 0.47915   0.22532
 0.48876   0.23109
 0.49838   0.23677
 0.50946   0.24320
 0.51720   0.24759
 0.52493   0.25191
 0.53457   0.25718
 0.54441   0.26243
 0.55401   0.26741
 0.56311   0.27199
 0.57131   0.27601
 0.57847   0.27943
 0.58563   0.28276
 0.59439   0.28670
 0.60455   0.29110
 0.61460   0.29526
 0.62479   0.29927
 0.63535   0.30320
 0.64708   0.30729
 0.66287   0.31233
 0.67725   0.31643
 0.68656   0.31884
 0.69588   0.32103
 0.70782   0.32355
 0.71761   0.32535
 0.72739   0.32691
 0.73835   0.32837
 0.75022   0.32961
 0.75994   0.33036
 0.76967   0.33086
 0.78220   0.33114
 0.79474   0.33101
 0.80610   0.33053
 0.81734   0.32971
 0.82859   0.32856
 0.83833   0.32728
 0.84807   0.32576
 0.85862   0.32382
 0.86916   0.32158
 0.88190   0.31848
 0.89444   0.31501
 0.90683   0.31117
 0.92284   0.30563
 0.93884   0.29942
 0.96007   0.29020
 0.97819   0.28144
 0.99632   0.27190
 1.00920   0.26465
 1.02209   0.25702
 1.04008   0.24576
 1.05746   0.23424
 1.07485   0.22211
 1.08989   0.21113
 1.10494   0.19975
 1.12145   0.18681
 1.13682   0.17437
 1.15637   0.15803
 1.17790   0.13944
 1.20192   0.11804
 1.22736   0.09472
 1.25368   0.07005
 1.28343   0.04166
 1.31303   0.01310
 1.34240  -0.01535
 1.37151  -0.04342
 1.40081  -0.07135
 1.43027  -0.09891
 1.45937  -0.12540
 1.48761  -0.15023
 1.51466  -0.17305
 1.54273  -0.19557
 1.57254  -0.21803
 1.60392  -0.23988
 1.63032  -0.25669
 1.65671  -0.27197
 1.68078  -0.28450
 1.70545  -0.29587
 1.72837  -0.30507
 1.75223  -0.31320
 1.78251  -0.32133
 1.81160  -0.32679
 1.83495  -0.32949
 1.85677  -0.33064
 1.87910  -0.33044
 1.90201  -0.32881
 1.92751  -0.32528
 1.95088  -0.32050
 1.97473  -0.31411
 1.99762  -0.30658
 2.02170  -0.29722
 2.04841  -0.28516
 2.07355  -0.27227
 2.10184  -0.25608
 2.12983  -0.23840
 2.15640  -0.22020
 2.18262  -0.20098
 2.21277  -0.17751
 2.24199  -0.15350
 2.27121  -0.12843
 2.30042  -0.10248
 2.32975  -0.07572
 2.35933  -0.04820
 2.38924  -0.02003
 2.41942   0.00854
 2.44978   0.03721
 2.48037   0.06583
 2.51114   0.09413
 2.54202   0.12182
 2.57299   0.14868
 2.60406   0.17450
 2.63487   0.19882
 2.66502   0.22119
 2.69464   0.24166
 2.72404   0.26037
 2.75347   0.27736
 2.78297   0.29255
 2.81207   0.30563
 2.84039   0.31647
 2.86764   0.32509
 2.89414   0.33173
 2.92107   0.33669
 2.94779   0.33979
 2.97356   0.34107
 3.00020   0.34062
 3.02593   0.33849
 3.05142   0.33474
 3.07830   0.32905
 3.10464   0.32178
 3.13137   0.31274
 3.15896   0.30170
 3.18630   0.28910
 3.21377   0.27488
 3.24244   0.25844
 3.27155   0.24019
 3.30079   0.22039
 3.33027   0.19906
 3.36007   0.17626
 3.39025   0.15205
 3.42088   0.12647
 3.45197   0.09966
 3.48351   0.07178
 3.51540   0.04308
 3.54748   0.01390
 3.57978  -0.01557
 3.61224  -0.04507
 3.64502  -0.07454
 3.67803  -0.10366
 3.71115  -0.13211
 3.74430  -0.15962
 3.77744  -0.18594
 3.81013  -0.21058
 3.84254  -0.23353
 3.87486  -0.25481
 3.90668  -0.27406
 3.93780  -0.29113
 3.96854  -0.30619
 3.99891  -0.31924
 4.02895  -0.33028
 4.05864  -0.33932
 4.08801  -0.34638
 4.11707  -0.35150
 4.14583  -0.35472
 4.17430  -0.35609
 4.20290  -0.35565
 4.23166  -0.35337
 4.26050  -0.34927
 4.28946  -0.34334
 4.31865  -0.33558
 4.34813  -0.32597
 4.37795  -0.31449
 4.40814  -0.30114
 4.43872  -0.28594
 4.46971  -0.26889
 4.50114  -0.25003
 4.53310  -0.22935
 4.56562  -0.20689
 4.59840  -0.18295
 4.63159  -0.15754
 4.66529  -0.13071
 4.69940  -0.10269
 4.73386  -0.07369
 4.76872  -0.04384
 4.80384  -0.01346
 4.83920   0.01722
 4.87476   0.04795
 4.91070   0.07867
 4.94699   0.10911
 4.98351   0.13896
 5.02020   0.16793
 5.05686   0.19565
 5.09339   0.22187
 5.12981   0.24644
 5.16581   0.26902
 5.20151   0.28961
 5.23683   0.30808
 5.27167   0.32435
 5.30625   0.33849
 5.34038   0.35041
 5.37416   0.36017
 5.40781   0.36783
 5.44093   0.37333
 5.47388   0.37678
 5.50673   0.37820
 5.53910   0.37764
 5.57146   0.37515
 5.60425   0.37068
 5.63747   0.36420
 5.67086   0.35575
 5.70473   0.34526
 5.73908   0.33271
 5.77373   0.31819
 5.80900   0.30159
 5.84457   0.28310
 5.88073   0.26263
 5.91728   0.24035
 5.95429   0.21633
 5.99190   0.19056
 6.02993   0.16329
 6.06840   0.13466
 6.10732   0.10481
 6.14667   0.07395
 6.18640   0.04228
 6.22647   0.01006
 6.26685  -0.02247
 6.30754  -0.05511
 6.34880  -0.08781
 6.39059  -0.12032
 6.43287  -0.15236
 6.47555  -0.18360
 6.51853  -0.21374
 6.56163  -0.24241
 6.60476  -0.26939
 6.64783  -0.29443
 6.69061  -0.31727
 6.73309  -0.33783
 6.77531  -0.35605
 6.81721  -0.37187
 6.85871  -0.38524
 6.89985  -0.39618
 6.94071  -0.40473
 6.98133  -0.41092
 7.02173  -0.41479
 7.06195  -0.41638
 7.10201  -0.41574
 7.14211  -0.41291
 7.18267  -0.40786
 7.22374  -0.40056
 7.26534  -0.39099
 7.30748  -0.37915
 7.35011  -0.36506
 7.39330  -0.34875
 7.43715  -0.33021
 7.48157  -0.30952
 7.52660  -0.28675
 7.57227  -0.26196
 7.61856  -0.23528
 7.66546  -0.20684
 7.71302  -0.17674
 7.76119  -0.14517
 7.80997  -0.11231
 7.85938  -0.07833
 7.90943  -0.04342
 7.96013  -0.00779
 8.01150   0.02836
 8.06370   0.06491
 8.11713   0.10191
 8.17191   0.13916
 8.22814   0.17645
 8.28592   0.21354
 8.34532   0.25014
 8.40633   0.28588
 8.46883   0.32036
 8.53252   0.35309
 8.59700   0.38359
 8.66193   0.41149
 8.72686   0.43649
 8.79171   0.45851
 8.85632   0.47749
 8.92080   0.49350
 8.98514   0.50660
 9.04951   0.51690
 9.11395   0.52447
 9.17858   0.52942
 9.24354   0.53185
 9.30885   0.53186
 9.37468   0.52956
 9.44155   0.52502
 9.50954   0.51831
 9.57873   0.50951
 9.64920   0.49872
 9.72102   0.48605
 9.79426   0.47163
 9.86900   0.45560
 9.94536   0.43809
 10.02335   0.41929
 10.10303   0.39937
 10.18441   0.37853
 10.26745   0.35700
 10.35211   0.33501
 10.43838   0.31277
 10.52630   0.29049
 10.61599   0.26833
 10.70772   0.24644
 10.80197   0.22489
 10.89948   0.20372
 11.00142   0.18290
 11.10947   0.16237
 11.22453   0.14229
 11.33974   0.12401
 11.44661   0.10867
 11.54628   0.09570
 11.64119   0.08450
 11.73282   0.07471
 11.82210   0.06607
 11.90962   0.05841
 11.99583   0.05161
 12.08107   0.04555
 12.16560   0.04015
 12.24965   0.03533
 12.33340   0.03104
 12.41702   0.02721
 12.50065   0.02380
 12.58444   0.02077
 12.66851   0.01808
 12.75297   0.01569
 12.83795   0.01358
 12.92355   0.01172
 13.00989   0.01007
 13.09708   0.00863
 13.18522   0.00736
 13.27444   0.00625
 13.36486   0.00529
 13.45659   0.00445
 13.54977   0.00372
 13.64454   0.00310
 13.74105   0.00256
 13.83945   0.00210
 13.93993   0.00171
 14.04267   0.00137
 14.14789   0.00109
 14.25585   0.00085
 14.36684   0.00065
 14.48122   0.00047
 14.59946   0.00032
 14.72216   0.00018
 14.81328   0.00009
