 0.00010   0.00023
 0.00018   0.00041
 0.00023   0.00053
 0.00029   0.00065
 0.00036   0.00083
 0.00044   0.00100
 0.00049   0.00112
 0.00055   0.00125
 0.00062   0.00141
 0.00068   0.00156
 0.00106   0.00244
 0.00145   0.00332
 0.00189   0.00433
 0.00198   0.00455
 0.00208   0.00476
 0.00218   0.00499
 0.00257   0.00589
 0.00297   0.00680
 0.00327   0.00749
 0.00354   0.00811
 0.00398   0.00912
 0.00442   0.01012
 0.00489   0.01120
 0.00522   0.01194
 0.00552   0.01262
 0.00582   0.01332
 0.00613   0.01401
 0.00641   0.01465
 0.00681   0.01556
 0.00721   0.01647
 0.00764   0.01745
 0.00796   0.01818
 0.00829   0.01892
 0.00870   0.01987
 0.00906   0.02067
 0.00941   0.02147
 0.01082   0.02467
 0.01223   0.02787
 0.01912   0.04335
 0.01970   0.04467
 0.01996   0.04523
 0.02021   0.04580
 0.02049   0.04643
 0.02330   0.05270
 0.02604   0.05879
 0.02878   0.06486
 0.02960   0.06667
 0.03000   0.06755
 0.03040   0.06844
 0.03441   0.07725
 0.03919   0.08769
 0.04016   0.08980
 0.04113   0.09190
 0.04367   0.09741
 0.04622   0.10290
 0.04988   0.11077
 0.05174   0.11475
 0.05344   0.11836
 0.05662   0.12514
 0.05981   0.13188
 0.06145   0.13534
 0.06295   0.13848
 0.06865   0.15040
 0.06957   0.15231
 0.07050   0.15423
 0.07165   0.15661
 0.07537   0.16429
 0.07909   0.17193
 0.08115   0.17613
 0.08321   0.18032
 0.08790   0.18981
 0.08930   0.19263
 0.09071   0.19544
 0.09215   0.19834
 0.09767   0.20933
 0.10319   0.22021
 0.10717   0.22799
 0.10940   0.23232
 0.11131   0.23603
 0.11306   0.23941
 0.11927   0.25131
 0.12137   0.25532
 0.12344   0.25924
 0.12694   0.26583
 0.12891   0.26953
 0.13088   0.27323
 0.13271   0.27663
 0.13883   0.28794
 0.14182   0.29342
 0.14480   0.29887
 0.14886   0.30622
 0.15192   0.31172
 0.15496   0.31716
 0.15951   0.32524
 0.16356   0.33236
 0.16725   0.33881
 0.17358   0.34977
 0.17992   0.36059
 0.18847   0.37498
 0.19260   0.38184
 0.19654   0.38833
 0.19937   0.39295
 0.20220   0.39755
 0.20506   0.40217
 0.20971   0.40963
 0.21435   0.41701
 0.21940   0.42494
 0.22564   0.43462
 0.22913   0.43997
 0.23261   0.44528
 0.23595   0.45033
 0.23964   0.45587
 0.24333   0.46136
 0.24756   0.46761
 0.25320   0.47583
 0.25884   0.48395
 0.26287   0.48970
 0.26658   0.49494
 0.26980   0.49944
 0.27302   0.50392
 0.27746   0.51004
 0.28336   0.51806
 0.28925   0.52597
 0.29740   0.53672
 0.30364   0.54481
 0.30989   0.55278
 0.31590   0.56035
 0.31932   0.56458
 0.32273   0.56878
 0.32662   0.57353
 0.33406   0.58248
 0.33875   0.58803
 0.34343   0.59351
 0.34798   0.59876
 0.35371   0.60529
 0.35938   0.61165
 0.36685   0.61989
 0.37433   0.62797
 0.37996   0.63394
 0.38559   0.63982
 0.39634   0.65080
 0.40485   0.65924
 0.40922   0.66349
 0.41358   0.66769
 0.41865   0.67249
 0.42218   0.67580
 0.42571   0.67907
 0.42893   0.68202
 0.43163   0.68447
 0.43433   0.68690
 0.44749   0.69848
 0.45508   0.70494
 0.45912   0.70832
 0.46317   0.71166
 0.46812   0.71567
 0.47689   0.72264
 0.48483   0.72878
 0.49093   0.73338
 0.49673   0.73766
 0.50576   0.74417
 0.51471   0.75040
 0.51942   0.75361
 0.52414   0.75676
 0.52909   0.76001
 0.53405   0.76320
 0.54014   0.76704
 0.54636   0.77087
 0.55595   0.77659
 0.56554   0.78209
 0.57660   0.78817
 0.58599   0.79310
 0.59537   0.79783
 0.60412   0.80206
 0.60984   0.80473
 0.61556   0.80733
 0.62579   0.81180
 0.63601   0.81605
 0.64623   0.82007
 0.65668   0.82395
 0.66713   0.82761
 0.67687   0.83082
 0.68601   0.83365
 0.69562   0.83646
 0.70449   0.83889
 0.71336   0.84117
 0.72137   0.84309
 0.72992   0.84502
 0.73848   0.84682
 0.74701   0.84847
 0.75555   0.85000
 0.76536   0.85160
 0.77801   0.85341
 0.78659   0.85448
 0.79516   0.85543
 0.80771   0.85661
 0.81984   0.85750
 0.83197   0.85816
 0.84170   0.85853
 0.85143   0.85876
 0.86046   0.85884
 0.86868   0.85881
 0.87968   0.85862
 0.88871   0.85834
 0.89775   0.85794
 0.90932   0.85728
 0.92203   0.85634
 0.93514   0.85516
 0.94697   0.85391
 0.95829   0.85255
 0.96961   0.85105
 0.97882   0.84971
 0.98803   0.84828
 0.99809   0.84660
 1.00816   0.84482
 1.01887   0.84280
 1.02959   0.84067
 1.03865   0.83877
 1.04771   0.83680
 1.05980   0.83404
 1.06886   0.83188
 1.07792   0.82965
 1.08859   0.82692
 1.09926   0.82410
 1.10873   0.82152
 1.11819   0.81887
 1.12850   0.81589
 1.13881   0.81283
 1.14917   0.80968
 1.15953   0.80645
 1.17568   0.80126
 1.19036   0.79639
 1.20387   0.79178
 1.21654   0.78735
 1.22829   0.78316
 1.24003   0.77890
 1.25577   0.77306
 1.26856   0.76821
 1.27965   0.76395
 1.29073   0.75962
 1.30208   0.75514
 1.31541   0.74979
 1.33050   0.74365
 1.34517   0.73760
 1.36062   0.73113
 1.37552   0.72481
 1.38901   0.71903
 1.40249   0.71318
 1.41853   0.70617
 1.43767   0.69771
 1.45681   0.68915
 1.47740   0.67986
 1.49967   0.66971
 1.51846   0.66109
 1.53725   0.65241
 1.55902   0.64230
 1.58488   0.63022
 1.60989   0.61850
 1.63968   0.60450
 1.66986   0.59029
 1.70091   0.57568
 1.73235   0.56091
 1.76088   0.54756
 1.79273   0.53272
 1.82149   0.51940
 1.85294   0.50495
 1.88185   0.49178
 1.91261   0.47790
 1.94284   0.46441
 1.97249   0.45134
 2.00313   0.43801
 2.03344   0.42500
 2.06371   0.41221
 2.09569   0.39891
 2.13832   0.38155
 2.18146   0.36443
 2.24098   0.34157
 2.30132   0.31933
 2.36403   0.29723
 2.45396   0.26738
 2.55674   0.23592
 2.65934   0.20732
 2.75757   0.18247
 2.84867   0.16156
 2.93670   0.14321
 3.02238   0.12701
 3.10416   0.11299
 3.18574   0.10030
 3.26662   0.08893
 3.34633   0.07882
 3.42556   0.06976
 3.50453   0.06164
 3.58314   0.05439
 3.66159   0.04791
 3.74002   0.04212
 3.81859   0.03696
 3.89735   0.03235
 3.97674   0.02824
 4.05675   0.02458
 4.13739   0.02132
 4.21870   0.01845
 4.30077   0.01590
 4.38381   0.01366
 4.46791   0.01169
 4.55311   0.00996
 4.63955   0.00844
 4.72730   0.00713
 4.81657   0.00598
 4.90742   0.00499
 5.00001   0.00414
 5.09446   0.00340
 5.19097   0.00278
 5.28970   0.00224
 5.39088   0.00178
 5.49474   0.00139
 5.60158   0.00105
 5.71174   0.00076
 5.82569   0.00051
 5.94405   0.00027
 6.06767   0.00005
 6.19764  -0.00019
 6.33417  -0.00045
 6.47166  -0.00076
 6.58805  -0.00109
