 0.00018   0.00000
 0.00023   0.00000
 0.00028   0.00000
 0.00034   0.00000
 0.00041   0.00000
 0.00049   0.00000
 0.00059   0.00000
 0.00069   0.00000
 0.00082   0.00000
 0.00096   0.00000
 0.00112   0.00000
 0.00131   0.00000
 0.00151   0.00000
 0.00175   0.00000
 0.00201   0.00000
 0.00229   0.00001
 0.00262   0.00001
 0.00298   0.00001
 0.00339   0.00001
 0.00383   0.00002
 0.00432   0.00002
 0.00486   0.00003
 0.00546   0.00003
 0.00611   0.00004
 0.00682   0.00005
 0.00761   0.00006
 0.00845   0.00008
 0.00940   0.00010
 0.01046   0.00012
 0.01173   0.00015
 0.01295   0.00019
 0.01428   0.00023
 0.01571   0.00027
 0.01726   0.00033
 0.01894   0.00040
 0.02023   0.00045
 0.02149   0.00051
 0.02351   0.00061
 0.02568   0.00073
 0.02801   0.00087
 0.02978   0.00098
 0.03155   0.00110
 0.03355   0.00124
 0.03648   0.00147
 0.03961   0.00173
 0.04297   0.00203
 0.04600   0.00233
 0.04983   0.00273
 0.05392   0.00319
 0.05791   0.00367
 0.06259   0.00428
 0.06806   0.00505
 0.07253   0.00572
 0.07700   0.00644
 0.07997   0.00693
 0.08294   0.00745
 0.08834   0.00843
 0.09268   0.00926
 0.09701   0.01013
 0.10377   0.01155
 0.10774   0.01243
 0.11172   0.01333
 0.11534   0.01419
 0.11999   0.01532
 0.12463   0.01649
 0.12832   0.01745
 0.13202   0.01844
 0.13685   0.01977
 0.14418   0.02186
 0.14886   0.02324
 0.15353   0.02467
 0.15817   0.02611
 0.16349   0.02782
 0.16880   0.02958
 0.17655   0.03222
 0.18363   0.03472
 0.18860   0.03652
 0.19358   0.03837
 0.19851   0.04024
 0.20550   0.04295
 0.20919   0.04441
 0.21287   0.04589
 0.21730   0.04770
 0.22450   0.05070
 0.22968   0.05290
 0.23487   0.05514
 0.23950   0.05718
 0.24413   0.05925
 0.25018   0.06199
 0.25564   0.06450
 0.26613   0.06945
 0.27663   0.07454
 0.28544   0.07891
 0.29104   0.08174
 0.29619   0.08437
 0.30577   0.08935
 0.31536   0.09444
 0.32677   0.10061
 0.33451   0.10487
 0.33913   0.10745
 0.34376   0.11004
 0.34964   0.11337
 0.35704   0.11760
 0.36444   0.12188
 0.37030   0.12530
 0.37562   0.12843
 0.38456   0.13374
 0.38969   0.13682
 0.39483   0.13992
 0.39988   0.14298
 0.40493   0.14606
 0.41471   0.15207
 0.41890   0.15467
 0.42310   0.15728
 0.42723   0.15985
 0.43331   0.16367
 0.43897   0.16723
 0.44911   0.17366
 0.45925   0.18014
 0.46682   0.18500
 0.47439   0.18988
 0.48683   0.19796
 0.49928   0.20608
 0.50797   0.21177
 0.51666   0.21748
 0.52595   0.22360
 0.53655   0.23059
 0.54920   0.23895
 0.55783   0.24466
 0.56646   0.25037
 0.57581   0.25655
 0.58753   0.26429
 0.60000   0.27250
 0.60954   0.27877
 0.61908   0.28501
 0.62939   0.29174
 0.63970   0.29844
 0.64904   0.30448
 0.65837   0.31048
 0.66803   0.31665
 0.67768   0.32279
 0.68861   0.32968
 0.69891   0.33612
 0.70921   0.34250
 0.72233   0.35055
 0.72947   0.35488
 0.73661   0.35918
 0.74802   0.36599
 0.75956   0.37278
 0.76988   0.37877
 0.78021   0.38468
 0.78867   0.38946
 0.79714   0.39418
 0.80828   0.40031
 0.82024   0.40676
 0.83033   0.41211
 0.84042   0.41736
 0.85016   0.42233
 0.86165   0.42808
 0.87203   0.43316
 0.88138   0.43764
 0.88942   0.44141
 0.89745   0.44512
 0.90858   0.45014
 0.91972   0.45501
 0.92954   0.45920
 0.93937   0.46328
 0.94934   0.46730
 0.95930   0.47119
 0.97218   0.47605
 0.98506   0.48070
 0.99741   0.48497
 1.00712   0.48818
 1.01683   0.49128
 1.02756   0.49455
 1.03900   0.49788
 1.04930   0.50072
 1.05961   0.50342
 1.07200   0.50648
 1.08439   0.50932
 1.09566   0.51173
 1.10891   0.51433
 1.12028   0.51636
 1.13164   0.51821
 1.14002   0.51945
 1.14840   0.52059
 1.17014   0.52309
 1.17944   0.52395
 1.18875   0.52468
 1.19853   0.52532
 1.20831   0.52582
 1.21817   0.52617
 1.22804   0.52639
 1.23871   0.52646
 1.24937   0.52637
 1.26215   0.52604
 1.27492   0.52547
 1.28770   0.52466
 1.29874   0.52377
 1.30978   0.52270
 1.32576   0.52084
 1.33872   0.51906
 1.35025   0.51727
 1.36178   0.51529
 1.37573   0.51264
 1.38912   0.50984
 1.40250   0.50678
 1.41692   0.50321
 1.43453   0.49846
 1.44874   0.49431
 1.46295   0.48989
 1.47719   0.48519
 1.49666   0.47832
 1.51667   0.47074
 1.53736   0.46237
 1.55930   0.45291
 1.58423   0.44144
 1.61039   0.42861
 1.63655   0.41500
 1.66096   0.40161
 1.68865   0.38566
 1.71742   0.36827
 1.74493   0.35088
 1.77587   0.33051
 1.80622   0.30973
 1.83530   0.28914
 1.86836   0.26499
 1.90188   0.23975
 1.94313   0.20777
 1.98416   0.17511
 2.02519   0.14174
 2.07137   0.10350
 2.11775   0.06456
 2.16488   0.02467
 2.21301  -0.01619
 2.26113  -0.05697
 2.31035  -0.09838
 2.36033  -0.13989
 2.41062  -0.18092
 2.46134  -0.22134
 2.51334  -0.26160
 2.56902  -0.30314
 2.62498  -0.34307
 2.68454  -0.38336
 2.74568  -0.42214
 2.80341  -0.45622
 2.86114  -0.48770
 2.91377  -0.51406
 2.97059  -0.53996
 3.02295  -0.56143
 3.07553  -0.58067
 3.12811  -0.59759
 3.18907  -0.61431
 3.24900  -0.62778
 3.30856  -0.63829
 3.37054  -0.64630
 3.42645  -0.65104
 3.48827  -0.65366
 3.55009  -0.65367
 3.60722  -0.65147
 3.67087  -0.64671
 3.73016  -0.64022
 3.78906  -0.63197
 3.85264  -0.62123
 3.91333  -0.60935
 3.97761  -0.59525
 4.05365  -0.57679
 4.12216  -0.55875
 4.19066  -0.53963
 4.26196  -0.51877
 4.33434  -0.49686
 4.40658  -0.47445
 4.48470  -0.44985
 4.56143  -0.42554
 4.64094  -0.40040
 4.72219  -0.37499
 4.80446  -0.34973
 4.88764  -0.32483
 4.97326  -0.30003
 5.06110  -0.27559
 5.15237  -0.25138
 5.24707  -0.22764
 5.34633  -0.20432
 5.45175  -0.18137
 5.55879  -0.15996
 5.66004  -0.14146
 5.75443  -0.12571
 5.84372  -0.11207
 5.92961  -0.10008
 6.01287  -0.08944
 6.09442  -0.07993
 6.17456  -0.07140
 6.25358  -0.06374
 6.33171  -0.05685
 6.40917  -0.05064
 6.48611  -0.04505
 6.56279  -0.04000
 6.63927  -0.03545
 6.71565  -0.03135
 6.79211  -0.02765
 6.86871  -0.02432
 6.94553  -0.02131
 7.02272  -0.01861
 7.10035  -0.01617
 7.17850  -0.01397
 7.25728  -0.01199
 7.33680  -0.01020
 7.41716  -0.00858
 7.49849  -0.00711
 7.58090  -0.00576
 7.66455  -0.00451
 7.74961  -0.00335
 7.83627  -0.00224
 7.92473  -0.00117
 8.01512  -0.00011
 8.04006   0.00018
