 0.00018   0.00000
 0.00023   0.00000
 0.00028   0.00000
 0.00034   0.00000
 0.00041   0.00000
 0.00049   0.00000
 0.00059   0.00000
 0.00069   0.00000
 0.00082   0.00000
 0.00096   0.00000
 0.00112   0.00000
 0.00131   0.00000
 0.00151   0.00000
 0.00175   0.00000
 0.00201   0.00001
 0.00229   0.00001
 0.00262   0.00001
 0.00298   0.00001
 0.00339   0.00002
 0.00383   0.00002
 0.00432   0.00003
 0.00486   0.00003
 0.00546   0.00004
 0.00611   0.00005
 0.00682   0.00006
 0.00761   0.00008
 0.00845   0.00010
 0.00940   0.00012
 0.01046   0.00015
 0.01173   0.00019
 0.01295   0.00023
 0.01428   0.00028
 0.01571   0.00034
 0.01727   0.00041
 0.01895   0.00050
 0.01989   0.00055
 0.02084   0.00060
 0.02212   0.00068
 0.02420   0.00081
 0.02642   0.00096
 0.02881   0.00115
 0.03137   0.00136
 0.03438   0.00163
 0.03736   0.00192
 0.04057   0.00226
 0.04361   0.00261
 0.04728   0.00306
 0.05005   0.00343
 0.05268   0.00379
 0.05704   0.00444
 0.05918   0.00478
 0.06132   0.00512
 0.06419   0.00561
 0.06941   0.00654
 0.07424   0.00746
 0.07866   0.00836
 0.08265   0.00921
 0.08639   0.01004
 0.08931   0.01072
 0.09223   0.01141
 0.09538   0.01218
 0.09849   0.01297
 0.10160   0.01378
 0.10520   0.01474
 0.10919   0.01585
 0.11317   0.01699
 0.11725   0.01819
 0.12385   0.02022
 0.12804   0.02156
 0.13222   0.02293
 0.13703   0.02456
 0.14417   0.02707
 0.14945   0.02899
 0.15473   0.03097
 0.15848   0.03241
 0.16224   0.03388
 0.16817   0.03626
 0.17368   0.03854
 0.17907   0.04081
 0.18579   0.04373
 0.18988   0.04555
 0.19398   0.04739
 0.19866   0.04954
 0.20335   0.05173
 0.20815   0.05401
 0.21449   0.05708
 0.21913   0.05937
 0.22377   0.06169
 0.22908   0.06439
 0.23891   0.06949
 0.24874   0.07473
 0.25833   0.07997
 0.26752   0.08510
 0.27486   0.08928
 0.27920   0.09177
 0.28353   0.09429
 0.28896   0.09746
 0.29721   0.10235
 0.30546   0.10731
 0.30960   0.10982
 0.31375   0.11234
 0.31993   0.11614
 0.32800   0.12114
 0.33606   0.12619
 0.34382   0.13108
 0.34977   0.13486
 0.35573   0.13866
 0.36528   0.14480
 0.37657   0.15210
 0.38616   0.15834
 0.39575   0.16460
 0.40687   0.17188
 0.41656   0.17823
 0.42438   0.18336
 0.42868   0.18618
 0.43231   0.18857
 0.43594   0.19095
 0.44475   0.19671
 0.45356   0.20246
 0.46018   0.20677
 0.46680   0.21107
 0.47641   0.21728
 0.48602   0.22345
 0.49724   0.23059
 0.50882   0.23788
 0.51982   0.24473
 0.52942   0.25063
 0.53903   0.25646
 0.55219   0.26431
 0.55881   0.26819
 0.56543   0.27203
 0.57397   0.27692
 0.58314   0.28207
 0.59144   0.28665
 0.59928   0.29090
 0.60712   0.29507
 0.61815   0.30080
 0.62919   0.30636
 0.63747   0.31042
 0.64574   0.31437
 0.65499   0.31866
 0.66730   0.32415
 0.67734   0.32845
 0.68737   0.33257
 0.69808   0.33677
 0.70944   0.34100
 0.72217   0.34546
 0.73876   0.35080
 0.74963   0.35400
 0.75931   0.35666
 0.76900   0.35912
 0.77993   0.36166
 0.78879   0.36354
 0.79765   0.36524
 0.80949   0.36726
 0.81993   0.36878
 0.83038   0.37006
 0.84059   0.37108
 0.84983   0.37180
 0.86193   0.37244
 0.87403   0.37274
 0.88494   0.37273
 0.89670   0.37241
 0.90985   0.37166
 0.91920   0.37089
 0.92856   0.36991
 0.93904   0.36857
 0.94952   0.36697
 0.96185   0.36476
 0.97418   0.36220
 0.98637   0.35933
 1.00261   0.35496
 1.01871   0.35003
 1.03843   0.34320
 1.05657   0.33615
 1.07305   0.32912
 1.09017   0.32121
 1.11091   0.31080
 1.13045   0.30019
 1.15392   0.28646
 1.18102   0.26932
 1.20125   0.25568
 1.22049   0.24206
 1.23981   0.22780
 1.25913   0.21298
 1.28279   0.19411
 1.30441   0.17624
 1.32691   0.15708
 1.35267   0.13450
 1.37828   0.11147
 1.40773   0.08440
 1.43742   0.05662
 1.46812   0.02755
 1.49994  -0.00274
 1.53224  -0.03348
 1.56454  -0.06400
 1.59708  -0.09429
 1.62890  -0.12330
 1.66052  -0.15132
 1.69283  -0.17895
 1.72614  -0.20617
 1.75693  -0.23004
 1.78570  -0.25109
 1.81338  -0.27008
 1.84493  -0.29014
 1.87287  -0.30637
 1.90080  -0.32110
 1.93271  -0.33599
 1.96226  -0.34787
 1.99180  -0.35786
 2.01874  -0.36528
 2.04568  -0.37105
 2.07082  -0.37494
 2.10190  -0.37774
 2.13375  -0.37828
 2.16139  -0.37686
 2.18902  -0.37369
 2.21607  -0.36891
 2.24201  -0.36280
 2.27250  -0.35374
 2.30298  -0.34272
 2.33199  -0.33047
 2.36100  -0.31657
 2.39240  -0.29975
 2.42578  -0.27997
 2.45673  -0.26000
 2.48700  -0.23906
 2.51781  -0.21645
 2.54934  -0.19208
 2.58165  -0.16598
 2.61538  -0.13768
 2.64914  -0.10845
 2.68288  -0.07856
 2.71742  -0.04743
 2.75183  -0.01610
 2.78654   0.01560
 2.82136   0.04730
 2.85654   0.07901
 2.89205   0.11047
 2.92787   0.14144
 2.96363   0.17139
 3.00004   0.20068
 3.03571   0.22800
 3.07162   0.25396
 3.10733   0.27808
 3.14184   0.29962
 3.17712   0.31974
 3.21082   0.33704
 3.24483   0.35252
 3.27932   0.36611
 3.31212   0.37699
 3.34598   0.38609
 3.37845   0.39274
 3.41019   0.39727
 3.44197   0.39982
 3.47466   0.40040
 3.50698   0.39892
 3.53809   0.39560
 3.56964   0.39036
 3.60176   0.38313
 3.63522   0.37360
 3.66880   0.36207
 3.70212   0.34874
 3.73684   0.33295
 3.77101   0.31560
 3.80615   0.29601
 3.84161   0.27456
 3.87779   0.25108
 3.91399   0.22612
 3.95147   0.19891
 3.98893   0.17048
 4.02663   0.14082
 4.06486   0.10987
 4.10358   0.07782
 4.14258   0.04503
 4.18182   0.01176
 4.22128  -0.02177
 4.26099  -0.05539
 4.30125  -0.08909
 4.34204  -0.12265
 4.38332  -0.15578
 4.42506  -0.18822
 4.46720  -0.21966
 4.50941  -0.24965
 4.55156  -0.27789
 4.59379  -0.30432
 4.63614  -0.32879
 4.67811  -0.35089
 4.71936  -0.37041
 4.76024  -0.38751
 4.80083  -0.40220
 4.84119  -0.41448
 4.88130  -0.42437
 4.92115  -0.43185
 4.96071  -0.43697
 4.99996  -0.43977
 5.03886  -0.44033
 5.07755  -0.43871
 5.11656  -0.43491
 5.15634  -0.42885
 5.19670  -0.42051
 5.23753  -0.40989
 5.27876  -0.39702
 5.32047  -0.38192
 5.36285  -0.36453
 5.40609  -0.34479
 5.44993  -0.32286
 5.49409  -0.29897
 5.53918  -0.27288
 5.58455  -0.24507
 5.63080  -0.21530
 5.67744  -0.18403
 5.72472  -0.15125
 5.77263  -0.11715
 5.82105  -0.08198
 5.87002  -0.04593
 5.91956  -0.00919
 5.96970   0.02806
 6.02058   0.06569
 6.07266   0.10379
 6.12602   0.14219
 6.18078   0.18066
 6.23703   0.21899
 6.29488   0.25692
 6.35432   0.29409
 6.41525   0.33009
 6.47749   0.36449
 6.54074   0.39681
 6.60421   0.42645
 6.66788   0.45326
 6.73165   0.47712
 6.79487   0.49779
 6.85809   0.51549
 6.92126   0.53024
 6.98405   0.54204
 7.04698   0.55107
 7.11033   0.55744
 7.17353   0.56119
 7.23702   0.56246
 7.30126   0.56134
 7.36585   0.55795
 7.43176   0.55230
 7.49856   0.54453
 7.56678   0.53465
 7.63629   0.52279
 7.70706   0.50909
 7.77929   0.49363
 7.85295   0.47659
 7.92804   0.45814
 8.00489   0.43838
 8.08317   0.41758
 8.16312   0.39588
 8.24467   0.37353
 8.32774   0.35075
 8.41239   0.32774
 8.49865   0.30470
 8.58662   0.28181
 8.67655   0.25919
 8.76893   0.23692
 8.86448   0.21503
 8.96431   0.19349
 9.06998   0.17223
 9.18235   0.15142
 9.29514   0.13238
 9.40008   0.11630
 9.49794   0.10267
 9.59106   0.09089
 9.68091   0.08055
 9.76838   0.07141
 9.85409   0.06329
 9.93847   0.05605
 10.02183   0.04957
 10.10446   0.04378
 10.18657   0.03859
 10.26834   0.03394
 10.34994   0.02977
 10.43150   0.02604
 10.51318   0.02269
 10.59508   0.01969
 10.67734   0.01699
 10.76007   0.01457
 10.84339   0.01240
 10.92743   0.01044
 11.01231   0.00867
 11.09818   0.00706
 11.18520   0.00559
 11.27353   0.00422
 11.36338   0.00294
 11.45496   0.00170
 11.54844   0.00050
 11.60097  -0.00017
