 0.00010   0.00014
 0.00016   0.00022
 0.00020   0.00027
 0.00023   0.00033
 0.00028   0.00039
 0.00034   0.00047
 0.00040   0.00056
 0.00046   0.00064
 0.00057   0.00079
 0.00068   0.00095
 0.00080   0.00110
 0.00089   0.00124
 0.00099   0.00137
 0.00115   0.00159
 0.00132   0.00183
 0.00187   0.00259
 0.00196   0.00272
 0.00205   0.00284
 0.00221   0.00306
 0.00280   0.00388
 0.00299   0.00413
 0.00317   0.00439
 0.00339   0.00469
 0.00378   0.00523
 0.00397   0.00550
 0.00417   0.00576
 0.00439   0.00607
 0.00486   0.00672
 0.00522   0.00722
 0.00558   0.00771
 0.00590   0.00816
 0.00623   0.00860
 0.00653   0.00902
 0.00769   0.01061
 0.00844   0.01164
 0.00892   0.01230
 0.00940   0.01297
 0.00992   0.01367
 0.01034   0.01425
 0.01073   0.01478
 0.01456   0.02002
 0.01608   0.02208
 0.01760   0.02413
 0.01968   0.02695
 0.01996   0.02733
 0.02025   0.02771
 0.02056   0.02814
 0.02374   0.03242
 0.02619   0.03570
 0.02864   0.03896
 0.02956   0.04018
 0.02996   0.04072
 0.03037   0.04125
 0.03088   0.04193
 0.03600   0.04869
 0.03979   0.05365
 0.04044   0.05450
 0.04108   0.05533
 0.04745   0.06357
 0.04953   0.06623
 0.05065   0.06767
 0.05178   0.06911
 0.05506   0.07327
 0.05833   0.07740
 0.05980   0.07923
 0.06126   0.08106
 0.06260   0.08273
 0.06714   0.08835
 0.06931   0.09102
 0.07091   0.09297
 0.07251   0.09492
 0.07882   0.10253
 0.07973   0.10362
 0.08065   0.10471
 0.08162   0.10587
 0.08514   0.11003
 0.08866   0.11416
 0.09184   0.11785
 0.09502   0.12152
 0.09735   0.12418
 0.09968   0.12682
 0.10214   0.12959
 0.10439   0.13211
 0.10907   0.13730
 0.11138   0.13983
 0.11370   0.14235
 0.11892   0.14797
 0.12149   0.15069
 0.12405   0.15339
 0.12916   0.15870
 0.13146   0.16107
 0.13377   0.16341
 0.13922   0.16888
 0.14148   0.17112
 0.14374   0.17334
 0.14934   0.17876
 0.15207   0.18136
 0.15455   0.18368
 0.15866   0.18750
 0.16191   0.19048
 0.16517   0.19342
 0.16893   0.19676
 0.17196   0.19942
 0.17492   0.20197
 0.17829   0.20485
 0.18166   0.20767
 0.18474   0.21022
 0.18852   0.21328
 0.19229   0.21629
 0.19646   0.21954
 0.19975   0.22206
 0.20304   0.22454
 0.20691   0.22739
 0.21424   0.23263
 0.21819   0.23536
 0.22215   0.23803
 0.22649   0.24089
 0.23074   0.24360
 0.23462   0.24602
 0.23838   0.24830
 0.24215   0.25053
 0.24811   0.25392
 0.25281   0.25649
 0.25751   0.25897
 0.26312   0.26181
 0.26873   0.26450
 0.27278   0.26637
 0.27657   0.26805
 0.28452   0.27138
 0.28939   0.27328
 0.29426   0.27508
 0.29930   0.27683
 0.30805   0.27962
 0.31319   0.28111
 0.31833   0.28248
 0.32308   0.28364
 0.32782   0.28471
 0.33347   0.28585
 0.33912   0.28686
 0.34814   0.28818
 0.35356   0.28881
 0.35881   0.28931
 0.36576   0.28978
 0.36912   0.28993
 0.37248   0.29004
 0.37627   0.29011
 0.38493   0.29003
 0.38937   0.28987
 0.39381   0.28963
 0.39905   0.28925
 0.40901   0.28821
 0.41845   0.28685
 0.42240   0.28617
 0.42635   0.28544
 0.42906   0.28490
 0.43177   0.28433
 0.43438   0.28376
 0.43949   0.28256
 0.44460   0.28126
 0.44995   0.27978
 0.45530   0.27821
 0.46701   0.27438
 0.47542   0.27132
 0.48383   0.26800
 0.49022   0.26532
 0.49654   0.26252
 0.50743   0.25737
 0.51749   0.25226
 0.52726   0.24699
 0.53703   0.24141
 0.54681   0.23552
 0.55669   0.22928
 0.56721   0.22233
 0.57816   0.21476
 0.58969   0.20644
 0.60042   0.19839
 0.61065   0.19045
 0.61995   0.18301
 0.62929   0.17535
 0.63862   0.16750
 0.65020   0.15751
 0.66178   0.14727
 0.67546   0.13486
 0.68965   0.12167
 0.70692   0.10523
 0.72430   0.08829
 0.74141   0.07131
 0.75752   0.05509
 0.77832   0.03392
 0.80182   0.00980
 0.82729  -0.01641
 0.85277  -0.04251
 0.87599  -0.06603
 0.90013  -0.09004
 0.92212  -0.11142
 0.93989  -0.12825
 0.95766  -0.14464
 0.97806  -0.16282
 0.99947  -0.18111
 1.01884  -0.19686
 1.03820  -0.21182
 1.05767  -0.22598
 1.07675  -0.23897
 1.09508  -0.25056
 1.11004  -0.25936
 1.12501  -0.26754
 1.14022  -0.27520
 1.15791  -0.28327
 1.17598  -0.29054
 1.19313  -0.29651
 1.20825  -0.30103
 1.22337  -0.30482
 1.23797  -0.30780
 1.25739  -0.31070
 1.27547  -0.31230
 1.29227  -0.31286
 1.30758  -0.31257
 1.32540  -0.31129
 1.34235  -0.30913
 1.35888  -0.30616
 1.37905  -0.30138
 1.39900  -0.29543
 1.41919  -0.28821
 1.43982  -0.27961
 1.46112  -0.26948
 1.48346  -0.25754
 1.50580  -0.24433
 1.52736  -0.23042
 1.54959  -0.21499
 1.57292  -0.19766
 1.60246  -0.17423
 1.62966  -0.15133
 1.65480  -0.12920
 1.67960  -0.10658
 1.70565  -0.08215
 1.73156  -0.05732
 1.75902  -0.03061
 1.78629  -0.00386
 1.81379   0.02313
 1.84148   0.05015
 1.86942   0.07705
 1.89743   0.10344
 1.92523   0.12889
 1.95278   0.15319
 1.98165   0.17750
 2.00975   0.19986
 2.03642   0.21973
 2.06197   0.23743
 2.09034   0.25542
 2.11610   0.27015
 2.14043   0.28255
 2.16564   0.29382
 2.18925   0.30285
 2.21322   0.31046
 2.23682   0.31640
 2.26003   0.32071
 2.28335   0.32349
 2.30813   0.32474
 2.33092   0.32434
 2.35484   0.32232
 2.37717   0.31897
 2.40015   0.31407
 2.42385   0.30751
 2.44819   0.29920
 2.47224   0.28949
 2.49883   0.27707
 2.52364   0.26395
 2.54965   0.24871
 2.57521   0.23233
 2.60066   0.21473
 2.62732   0.19504
 2.65387   0.17427
 2.68146   0.15158
 2.70938   0.12763
 2.73735   0.10281
 2.76563   0.07703
 2.79425   0.05042
 2.82335   0.02302
 2.85269  -0.00477
 2.88213  -0.03262
 2.91179  -0.06045
 2.94170  -0.08807
 2.97174  -0.11517
 3.00184  -0.14148
 3.03187  -0.16670
 3.06172  -0.19059
 3.09129  -0.21291
 3.12045  -0.23348
 3.14906  -0.25213
 3.17710  -0.26884
 3.20463  -0.28363
 3.23207  -0.29670
 3.25962  -0.30807
 3.28626  -0.31735
 3.31235  -0.32474
 3.33911  -0.33056
 3.36484  -0.33444
 3.39018  -0.33661
 3.41547  -0.33713
 3.44024  -0.33605
 3.46544  -0.33336
 3.49058  -0.32909
 3.51640  -0.32307
 3.54219  -0.31545
 3.56900  -0.30588
 3.59558  -0.29477
 3.62232  -0.28205
 3.65005  -0.26729
 3.67772  -0.25105
 3.70568  -0.23322
 3.73398  -0.21383
 3.76302  -0.19263
 3.79257  -0.16986
 3.82244  -0.14577
 3.85267  -0.12043
 3.88326  -0.09400
 3.91420  -0.06663
 3.94539  -0.03859
 3.97680  -0.01007
 4.00841   0.01868
 4.04018   0.04746
 4.07226   0.07617
 4.10457   0.10456
 4.13704   0.13232
 4.16948   0.15911
 4.20182   0.18469
 4.23404   0.20887
 4.26604   0.23146
 4.29750   0.25212
 4.32855   0.27087
 4.35921   0.28771
 4.38949   0.30259
 4.41941   0.31550
 4.44896   0.32645
 4.47816   0.33545
 4.50702   0.34253
 4.53556   0.34773
 4.56382   0.35110
 4.59211   0.35268
 4.62017   0.35248
 4.64787   0.35056
 4.67579   0.34692
 4.70395   0.34154
 4.73269   0.33430
 4.76184   0.32522
 4.79125   0.31434
 4.82098   0.30164
 4.85107   0.28713
 4.88155   0.27083
 4.91246   0.25274
 4.94383   0.23291
 4.97564   0.21140
 5.00774   0.18841
 5.04026   0.16395
 5.07322   0.13812
 5.10665   0.11103
 5.14038   0.08297
 5.17446   0.05406
 5.20885   0.02453
 5.24345  -0.00536
 5.27824  -0.03536
 5.31334  -0.06539
 5.34879  -0.09526
 5.38454  -0.12472
 5.42051  -0.15346
 5.45654  -0.18117
 5.49254  -0.20758
 5.52843  -0.23246
 5.56401  -0.25554
 5.59940  -0.27680
 5.63430  -0.29597
 5.66895  -0.31313
 5.70308  -0.32811
 5.73698  -0.34104
 5.77037  -0.35180
 5.80346  -0.36049
 5.83637  -0.36715
 5.86882  -0.37176
 5.90101  -0.37439
 5.93302  -0.37509
 5.96489  -0.37391
 5.99683  -0.37085
 6.02901  -0.36591
 6.06158  -0.35904
 6.09461  -0.35021
 6.12806  -0.33941
 6.16183  -0.32668
 6.19611  -0.31196
 6.23080  -0.29534
 6.26595  -0.27681
 6.30158  -0.25643
 6.33770  -0.23426
 6.37425  -0.21042
 6.41135  -0.18493
 6.44887  -0.15801
 6.48681  -0.12979
 6.52518  -0.10042
 6.56395  -0.07010
 6.60306  -0.03906
 6.64247  -0.00751
 6.68215   0.02429
 6.72214   0.05618
 6.76268   0.08813
 6.80375   0.11991
 6.84532   0.15123
 6.88730   0.18180
 6.92957   0.21131
 6.97200   0.23945
 7.01448   0.26596
 7.05690   0.29061
 7.09909   0.31317
 7.14096   0.33350
 7.18254   0.35157
 7.22381   0.36731
 7.26476   0.38071
 7.30541   0.39177
 7.34573   0.40049
 7.38577   0.40692
 7.42556   0.41109
 7.46514   0.41305
 7.50454   0.41286
 7.54386   0.41056
 7.58364   0.40612
 7.62390   0.39951
 7.66468   0.39073
 7.70600   0.37975
 7.74784   0.36658
 7.79021   0.35126
 7.83317   0.33378
 7.87677   0.31418
 7.92095   0.29254
 7.96574   0.26893
 8.01116   0.24343
 8.05716   0.21618
 8.10378   0.18729
 8.15101   0.15692
 8.19882   0.12522
 8.24722   0.09239
 8.29622   0.05859
 8.34583   0.02401
 8.39605  -0.01113
 8.44690  -0.04666
 8.49883  -0.08264
 8.55202  -0.11898
 8.60659  -0.15547
 8.66263  -0.19191
 8.72024  -0.22805
 8.77944  -0.26358
 8.84020  -0.29814
 8.90232  -0.33129
 8.96548  -0.36256
 9.02929  -0.39154
 9.09332  -0.41785
 9.15729  -0.44131
 9.22112  -0.46186
 9.28470  -0.47948
 9.34814  -0.49425
 9.41150  -0.50623
 9.47484  -0.51553
 9.53831  -0.52222
 9.60198  -0.52642
 9.66593  -0.52820
 9.73029  -0.52769
 9.79523  -0.52497
 9.86125  -0.52009
 9.92838  -0.51314
 9.99672  -0.50419
 10.06632  -0.49333
 10.13724  -0.48068
 10.20958  -0.46635
 10.28341  -0.45047
 10.35879  -0.43319
 10.43579  -0.41467
 10.51444  -0.39508
 10.59472  -0.37463
 10.67663  -0.35352
 10.76012  -0.33196
 10.84516  -0.31018
 10.93183  -0.28835
 11.02022  -0.26665
 11.11060  -0.24520
 11.20343  -0.22407
 11.29940  -0.20331
 11.39964  -0.18289
 11.50571  -0.16275
 11.61865  -0.14301
 11.73251  -0.12489
 11.83850  -0.10959
 11.93725  -0.09666
 12.03115  -0.08550
 12.12174  -0.07572
 12.20992  -0.06709
 12.29631  -0.05944
 12.38136  -0.05262
 12.46540  -0.04655
 12.54870  -0.04112
 12.63148  -0.03627
 12.71393  -0.03195
 12.79621  -0.02808
 12.87846  -0.02463
 12.96082  -0.02156
 13.04342  -0.01882
 13.12636  -0.01639
 13.20975  -0.01423
 13.29371  -0.01232
 13.37835  -0.01063
 13.46376  -0.00915
 13.55006  -0.00784
 13.63734  -0.00669
 13.72574  -0.00569
 13.81535  -0.00481
 13.90630  -0.00406
 13.99872  -0.00340
 14.09273  -0.00284
 14.18849  -0.00235
 14.28615  -0.00194
 14.38586  -0.00159
 14.48781  -0.00130
 14.59218  -0.00105
 14.69918  -0.00084
 14.80904  -0.00067
 14.92199  -0.00054
 15.03828  -0.00043
 15.15818  -0.00034
 15.28192  -0.00028
 15.40969  -0.00023
 15.49908  -0.00021
