 0.00010   0.00014
 0.00018   0.00025
 0.00024   0.00033
 0.00029   0.00041
 0.00036   0.00050
 0.00040   0.00056
 0.00044   0.00061
 0.00050   0.00070
 0.00059   0.00083
 0.00069   0.00096
 0.00078   0.00110
 0.00090   0.00127
 0.00098   0.00138
 0.00106   0.00149
 0.00115   0.00161
 0.00149   0.00210
 0.00184   0.00259
 0.00198   0.00278
 0.00212   0.00297
 0.00225   0.00316
 0.00274   0.00385
 0.00296   0.00415
 0.00317   0.00445
 0.00336   0.00472
 0.00369   0.00518
 0.00391   0.00549
 0.00413   0.00579
 0.00446   0.00626
 0.00493   0.00691
 0.00530   0.00743
 0.00564   0.00790
 0.00598   0.00838
 0.00632   0.00886
 0.00676   0.00946
 0.00732   0.01026
 0.00789   0.01105
 0.00853   0.01194
 0.00899   0.01257
 0.00944   0.01321
 0.00983   0.01375
 0.01022   0.01429
 0.01080   0.01509
 0.01654   0.02303
 0.01823   0.02536
 0.01993   0.02768
 0.02034   0.02824
 0.02071   0.02875
 0.02446   0.03386
 0.02712   0.03747
 0.02979   0.04107
 0.03041   0.04190
 0.03097   0.04267
 0.03666   0.05028
 0.03795   0.05199
 0.03924   0.05371
 0.03990   0.05458
 0.04055   0.05545
 0.04125   0.05636
 0.04817   0.06544
 0.04954   0.06722
 0.05065   0.06867
 0.05177   0.07011
 0.05502   0.07430
 0.05826   0.07846
 0.05979   0.08041
 0.06132   0.08234
 0.06270   0.08409
 0.06746   0.09009
 0.06998   0.09323
 0.07251   0.09636
 0.07614   0.10084
 0.07852   0.10374
 0.07968   0.10515
 0.08083   0.10656
 0.08197   0.10793
 0.08587   0.11262
 0.08976   0.11726
 0.09265   0.12067
 0.09527   0.12374
 0.09767   0.12654
 0.09944   0.12858
 0.10120   0.13061
 0.10282   0.13247
 0.10606   0.13616
 0.10929   0.13981
 0.11126   0.14200
 0.11322   0.14419
 0.11864   0.15016
 0.12206   0.15387
 0.12548   0.15754
 0.12864   0.16090
 0.13181   0.16423
 0.13609   0.16869
 0.13968   0.17236
 0.14326   0.17599
 0.14672   0.17945
 0.14943   0.18213
 0.15214   0.18478
 0.15468   0.18724
 0.15801   0.19043
 0.15988   0.19221
 0.16175   0.19397
 0.16437   0.19641
 0.16740   0.19921
 0.16965   0.20127
 0.17190   0.20330
 0.17442   0.20556
 0.17792   0.20866
 0.18000   0.21047
 0.18208   0.21227
 0.18769   0.21704
 0.19330   0.22170
 0.19992   0.22702
 0.20820   0.23345
 0.21248   0.23667
 0.21677   0.23982
 0.22449   0.24530
 0.22884   0.24828
 0.23257   0.25078
 0.23597   0.25300
 0.23953   0.25529
 0.24310   0.25752
 0.24698   0.25989
 0.25356   0.26377
 0.25967   0.26721
 0.26864   0.27199
 0.27267   0.27403
 0.27664   0.27596
 0.28498   0.27983
 0.28851   0.28138
 0.29204   0.28287
 0.29770   0.28516
 0.30336   0.28732
 0.30773   0.28890
 0.31210   0.29039
 0.31636   0.29177
 0.32501   0.29434
 0.33098   0.29594
 0.33695   0.29738
 0.34398   0.29890
 0.34886   0.29983
 0.35374   0.30066
 0.35850   0.30138
 0.36430   0.30213
 0.36952   0.30269
 0.37946   0.30344
 0.38940   0.30380
 0.39954   0.30375
 0.40972   0.30330
 0.41459   0.30293
 0.41946   0.30248
 0.42503   0.30185
 0.42838   0.30141
 0.43173   0.30093
 0.43479   0.30045
 0.43934   0.29968
 0.44389   0.29882
 0.44971   0.29762
 0.45927   0.29536
 0.46883   0.29277
 0.47966   0.28944
 0.48711   0.28691
 0.49456   0.28418
 0.49941   0.28230
 0.50427   0.28033
 0.51129   0.27736
 0.51805   0.27433
 0.52680   0.27020
 0.53555   0.26581
 0.54584   0.26035
 0.55525   0.25507
 0.56466   0.24952
 0.57511   0.24306
 0.58625   0.23584
 0.59786   0.22795
 0.60948   0.21970
 0.62009   0.21187
 0.62958   0.20463
 0.63908   0.19719
 0.64887   0.18930
 0.65867   0.18120
 0.66912   0.17236
 0.67956   0.16330
 0.69626   0.14843
 0.70905   0.13672
 0.72184   0.12477
 0.73544   0.11182
 0.75094   0.09680
 0.76579   0.08216
 0.78323   0.06473
 0.80481   0.04287
 0.82743   0.01974
 0.85291  -0.00644
 0.87903  -0.03322
 0.90578  -0.06041
 0.93129  -0.08593
 0.95731  -0.11138
 0.98173  -0.13458
 0.99997  -0.15139
 1.01822  -0.16770
 1.03851  -0.18520
 1.05968  -0.20265
 1.07884  -0.21768
 1.09800  -0.23194
 1.11780  -0.24580
 1.13764  -0.25876
 1.15730  -0.27064
 1.17661  -0.28134
 1.19534  -0.29076
 1.21321  -0.29885
 1.22875  -0.30516
 1.24429  -0.31077
 1.25991  -0.31570
 1.28014  -0.32102
 1.30036  -0.32512
 1.31925  -0.32783
 1.33813  -0.32947
 1.35705  -0.33003
 1.37543  -0.32953
 1.39307  -0.32811
 1.41388  -0.32523
 1.43398  -0.32124
 1.45292  -0.31640
 1.47584  -0.30920
 1.49664  -0.30140
 1.51755  -0.29238
 1.53917  -0.28187
 1.56194  -0.26953
 1.58850  -0.25360
 1.61255  -0.23781
 1.64012  -0.21824
 1.66565  -0.19882
 1.68980  -0.17943
 1.71588  -0.15748
 1.74132  -0.13517
 1.77028  -0.10887
 1.79819  -0.08279
 1.82610  -0.05617
 1.85432  -0.02887
 1.88332  -0.00063
 1.91246   0.02777
 1.94175   0.05610
 1.97133   0.08432
 2.00114   0.11213
 2.03105   0.13922
 2.06094   0.16528
 2.09065   0.18999
 2.11993   0.21302
 2.14830   0.23393
 2.17591   0.25283
 2.20259   0.26964
 2.23384   0.28738
 2.26300   0.30194
 2.29269   0.31468
 2.32129   0.32490
 2.34828   0.33264
 2.37354   0.33817
 2.40093   0.34229
 2.42677   0.34436
 2.45099   0.34470
 2.47680   0.34335
 2.50104   0.34050
 2.52728   0.33570
 2.55220   0.32952
 2.58047   0.32065
 2.60673   0.31069
 2.63254   0.29933
 2.66150   0.28482
 2.68928   0.26924
 2.71668   0.25238
 2.74410   0.23410
 2.77293   0.21350
 2.80270   0.19087
 2.83258   0.16693
 2.86274   0.14167
 2.89322   0.11520
 2.92402   0.08767
 2.95498   0.05941
 2.98610   0.03060
 3.01741   0.00140
 3.04892  -0.02800
 3.08066  -0.05741
 3.11268  -0.08668
 3.14495  -0.11555
 3.17733  -0.14369
 3.20955  -0.17067
 3.24163  -0.19634
 3.27375  -0.22067
 3.30590  -0.24348
 3.33705  -0.26398
 3.36763  -0.28245
 3.39783  -0.29897
 3.42765  -0.31352
 3.45710  -0.32608
 3.48615  -0.33667
 3.51482  -0.34531
 3.54359  -0.35213
 3.57271  -0.35712
 3.60155  -0.36016
 3.62981  -0.36127
 3.65741  -0.36060
 3.68480  -0.35821
 3.71267  -0.35404
 3.74159  -0.34790
 3.77047  -0.33996
 3.79942  -0.33023
 3.82858  -0.31871
 3.85807  -0.30537
 3.88792  -0.29021
 3.91817  -0.27325
 3.94885  -0.25450
 3.97999  -0.23400
 4.01160  -0.21181
 4.04382  -0.18789
 4.07658  -0.16239
 4.10944  -0.13579
 4.14276  -0.10794
 4.17656  -0.07898
 4.21058  -0.04930
 4.24491  -0.01903
 4.27947   0.01158
 4.31419   0.04224
 4.34926   0.07293
 4.38468   0.10342
 4.42040   0.13343
 4.45627   0.16263
 4.49222   0.19074
 4.52817   0.21751
 4.56382   0.24257
 4.59949   0.26598
 4.63455   0.28724
 4.66952   0.30658
 4.70383   0.32365
 4.73815   0.33874
 4.77168   0.35149
 4.80507   0.36216
 4.83813   0.37070
 4.87065   0.37709
 4.90300   0.38146
 4.93537   0.38382
 4.96724   0.38420
 4.99873   0.38269
 5.03049   0.37927
 5.06268   0.37391
 5.09547   0.36652
 5.12845   0.35718
 5.16173   0.34588
 5.19561   0.33251
 5.22986   0.31717
 5.26448   0.29991
 5.29976   0.28060
 5.33533   0.25952
 5.37148   0.23656
 5.40807   0.21189
 5.44506   0.18567
 5.48261   0.15790
 5.52058   0.12883
 5.55892   0.09865
 5.59763   0.06754
 5.63669   0.03572
 5.67605   0.00341
 5.71566  -0.02912
 5.75564  -0.06176
 5.79616  -0.09443
 5.83721  -0.12688
 5.87874  -0.15883
 5.92065  -0.18998
 5.96286  -0.22001
 6.00525  -0.24864
 6.04770  -0.27557
 6.08996  -0.30051
 6.13198  -0.32331
 6.17379  -0.34388
 6.21535  -0.36214
 6.25657  -0.37801
 6.29738  -0.39144
 6.33781  -0.40247
 6.37791  -0.41113
 6.41773  -0.41746
 6.45731  -0.42151
 6.49670  -0.42331
 6.53594  -0.42293
 6.57519  -0.42040
 6.61495  -0.41568
 6.65523  -0.40874
 6.69600  -0.39958
 6.73727  -0.38818
 6.77903  -0.37456
 6.82132  -0.35874
 6.86426  -0.34070
 6.90787  -0.32048
 6.95198  -0.29822
 6.99674  -0.27393
 7.04211  -0.24773
 7.08809  -0.21974
 7.13465  -0.19009
 7.18185  -0.15892
 7.22961  -0.12643
 7.27795  -0.09278
 7.32689  -0.05816
 7.37643  -0.02276
 7.42658   0.01321
 7.47737   0.04956
 7.52925   0.08639
 7.58240   0.12356
 7.63692   0.16089
 7.69293   0.19816
 7.75049   0.23511
 7.80965   0.27143
 7.87035   0.30674
 7.93240   0.34059
 7.99546   0.37251
 8.05920   0.40208
 8.12313   0.42892
 8.18696   0.45283
 8.25072   0.47379
 8.31417   0.49174
 8.37748   0.50678
 8.44077   0.51899
 8.50398   0.52844
 8.56731   0.53524
 8.63092   0.53949
 8.69473   0.54129
 8.75897   0.54073
 8.82381   0.53792
 8.88968   0.53292
 8.95670   0.52580
 9.02495   0.51663
 9.09441   0.50552
 9.16519   0.49258
 9.23739   0.47792
 9.31111   0.46168
 9.38636   0.44400
 9.46321   0.42506
 9.54171   0.40503
 9.62184   0.38411
 9.70359   0.36252
 9.78691   0.34048
 9.87179   0.31819
 9.95828   0.29586
 10.04650   0.27366
 10.13669   0.25170
 10.22931   0.23008
 10.32505   0.20883
 10.42500   0.18793
 10.53073   0.16732
 10.64332   0.14710
 10.75711   0.12849
 10.86315   0.11276
 10.96190   0.09946
 11.05577   0.08799
 11.14628   0.07794
 11.23437   0.06907
 11.32066   0.06120
 11.40560   0.05419
 11.48952   0.04795
 11.57269   0.04236
 11.65533   0.03738
 11.73764   0.03292
 11.81977   0.02894
 11.90186   0.02539
 11.98406   0.02222
 12.06649   0.01940
 12.14925   0.01689
 12.23247   0.01465
 12.31624   0.01268
 12.40069   0.01093
 12.48591   0.00938
 12.57202   0.00801
 12.65912   0.00681
 12.74734   0.00576
 12.83680   0.00483
 12.92763   0.00402
 13.01998   0.00331
 13.11402   0.00268
 13.20993   0.00213
 13.30794   0.00164
 13.40833   0.00119
 13.51142   0.00079
 13.61766   0.00040
 13.71600   0.00006
