 0.00010   0.00015
 0.00018   0.00026
 0.00023   0.00034
 0.00029   0.00042
 0.00036   0.00053
 0.00040   0.00058
 0.00044   0.00064
 0.00051   0.00075
 0.00058   0.00085
 0.00069   0.00102
 0.00079   0.00115
 0.00088   0.00129
 0.00100   0.00146
 0.00112   0.00164
 0.00149   0.00217
 0.00185   0.00270
 0.00196   0.00286
 0.00207   0.00303
 0.00219   0.00320
 0.00264   0.00385
 0.00291   0.00426
 0.00313   0.00457
 0.00335   0.00489
 0.00372   0.00544
 0.00396   0.00578
 0.00419   0.00612
 0.00443   0.00647
 0.00500   0.00730
 0.00556   0.00812
 0.00593   0.00865
 0.00629   0.00918
 0.00665   0.00970
 0.00695   0.01014
 0.00725   0.01057
 0.00761   0.01109
 0.00798   0.01162
 0.00835   0.01216
 0.00885   0.01289
 0.00946   0.01377
 0.01000   0.01455
 0.01087   0.01581
 0.01726   0.02500
 0.01961   0.02836
 0.01990   0.02877
 0.02018   0.02917
 0.02049   0.02962
 0.02360   0.03403
 0.02610   0.03757
 0.02860   0.04110
 0.03195   0.04579
 0.03530   0.05046
 0.03710   0.05297
 0.03890   0.05546
 0.04000   0.05698
 0.04110   0.05849
 0.04362   0.06195
 0.04949   0.06997
 0.05080   0.07174
 0.05210   0.07350
 0.05603   0.07877
 0.05995   0.08401
 0.06456   0.09012
 0.06899   0.09592
 0.07021   0.09751
 0.07135   0.09899
 0.07494   0.10364
 0.07854   0.10825
 0.07993   0.11003
 0.08133   0.11181
 0.08314   0.11410
 0.08808   0.12032
 0.08953   0.12213
 0.09098   0.12393
 0.09238   0.12566
 0.09773   0.13225
 0.10309   0.13875
 0.10937   0.14626
 0.11123   0.14845
 0.11304   0.15059
 0.11860   0.15707
 0.12206   0.16106
 0.12552   0.16501
 0.12882   0.16873
 0.13169   0.17194
 0.13455   0.17512
 0.13786   0.17876
 0.13951   0.18055
 0.14115   0.18234
 0.14286   0.18418
 0.14943   0.19119
 0.15259   0.19451
 0.15545   0.19749
 0.15934   0.20149
 0.16233   0.20452
 0.16505   0.20727
 0.16892   0.21111
 0.17202   0.21416
 0.17498   0.21704
 0.17900   0.22090
 0.18185   0.22360
 0.18470   0.22627
 0.18877   0.23003
 0.19207   0.23304
 0.19536   0.23601
 0.20005   0.24016
 0.20430   0.24386
 0.20851   0.24746
 0.21273   0.25099
 0.21662   0.25421
 0.21987   0.25683
 0.22311   0.25942
 0.22759   0.26294
 0.23336   0.26735
 0.23912   0.27164
 0.24391   0.27511
 0.24825   0.27818
 0.25323   0.28161
 0.25780   0.28468
 0.26308   0.28812
 0.26836   0.29146
 0.27281   0.29420
 0.27726   0.29686
 0.28363   0.30053
 0.29000   0.30405
 0.29658   0.30752
 0.30067   0.30960
 0.30475   0.31161
 0.30945   0.31384
 0.31414   0.31598
 0.31927   0.31823
 0.32614   0.32108
 0.32991   0.32257
 0.33367   0.32400
 0.33994   0.32627
 0.34788   0.32893
 0.35412   0.33085
 0.35983   0.33247
 0.36679   0.33429
 0.37375   0.33592
 0.37840   0.33691
 0.38306   0.33782
 0.38803   0.33870
 0.39399   0.33964
 0.39964   0.34040
 0.40736   0.34126
 0.41426   0.34184
 0.41802   0.34208
 0.42009   0.34219
 0.42199   0.34228
 0.42678   0.34244
 0.42954   0.34250
 0.43229   0.34253
 0.43485   0.34253
 0.43895   0.34249
 0.44305   0.34238
 0.44774   0.34219
 0.45483   0.34175
 0.45990   0.34133
 0.46498   0.34082
 0.47003   0.34022
 0.47507   0.33953
 0.48724   0.33752
 0.49594   0.33577
 0.50398   0.33393
 0.50943   0.33257
 0.51488   0.33110
 0.52035   0.32954
 0.52534   0.32802
 0.53721   0.32410
 0.54908   0.31974
 0.55982   0.31542
 0.56894   0.31148
 0.57805   0.30730
 0.58910   0.30191
 0.59792   0.29736
 0.60674   0.29260
 0.61660   0.28703
 0.62740   0.28063
 0.63866   0.27364
 0.64846   0.26730
 0.65826   0.26073
 0.66875   0.25344
 0.67925   0.24591
 0.68887   0.23879
 0.69849   0.23148
 0.71233   0.22063
 0.72914   0.20696
 0.74596   0.19278
 0.75829   0.18208
 0.77062   0.17115
 0.78306   0.15989
 0.79579   0.14816
 0.80953   0.13527
 0.82328   0.12216
 0.83801   0.10790
 0.86195   0.08433
 0.88459   0.06168
 0.90754   0.03845
 0.93487   0.01059
 0.96394  -0.01911
 0.99324  -0.04892
 1.02040  -0.07627
 1.05088  -0.10643
 1.08190  -0.13636
 1.10993  -0.16257
 1.13400  -0.18431
 1.15807  -0.20526
 1.17826  -0.22217
 1.19845  -0.23841
 1.22102  -0.25573
 1.23909  -0.26893
 1.25716  -0.28149
 1.27733  -0.29473
 1.29868  -0.30783
 1.32142  -0.32068
 1.34343  -0.33201
 1.36918  -0.34384
 1.39342  -0.35354
 1.41734  -0.36170
 1.43996  -0.36812
 1.46364  -0.37346
 1.49467  -0.37831
 1.51935  -0.38042
 1.54302  -0.38099
 1.56468  -0.38026
 1.58502  -0.37851
 1.60559  -0.37569
 1.62682  -0.37169
 1.64924  -0.36627
 1.67370  -0.35901
 1.69891  -0.35007
 1.72413  -0.33970
 1.75393  -0.32567
 1.78462  -0.30931
 1.81532  -0.29112
 1.84441  -0.27229
 1.87306  -0.25235
 1.90171  -0.23113
 1.93187  -0.20753
 1.96204  -0.18279
 1.99664  -0.15317
 2.02814  -0.12524
 2.06011  -0.09613
 2.09308  -0.06551
 2.12728  -0.03331
 2.16101  -0.00132
 2.19515   0.03107
 2.22954   0.06348
 2.26435   0.09584
 2.29950   0.12786
 2.33460   0.15894
 2.37059   0.18967
 2.40578   0.21841
 2.44125   0.24586
 2.47650   0.27146
 2.51051   0.29443
 2.54445   0.31553
 2.58114   0.33614
 2.61484   0.35296
 2.64984   0.36820
 2.68181   0.38006
 2.71616   0.39055
 2.74790   0.39813
 2.77849   0.40350
 2.80894   0.40693
 2.83932   0.40846
 2.86963   0.40811
 2.89995   0.40588
 2.93071   0.40174
 2.96267   0.39545
 2.99741   0.38638
 3.02907   0.37616
 3.06130   0.36388
 3.09533   0.34897
 3.12970   0.33197
 3.16352   0.31344
 3.20032   0.29138
 3.23537   0.26868
 3.27161   0.24362
 3.30815   0.21688
 3.34454   0.18895
 3.38241   0.15872
 3.42034   0.12742
 3.45838   0.09522
 3.49677   0.06213
 3.53560   0.02825
 3.57476  -0.00610
 3.61414  -0.04060
 3.65395  -0.07521
 3.69432  -0.10980
 3.73524  -0.14412
 3.77666  -0.17787
 3.81841  -0.21065
 3.86018  -0.24199
 3.90207  -0.27177
 3.94424  -0.29988
 3.98680  -0.32620
 4.02859  -0.34986
 4.06948  -0.37082
 4.11006  -0.38935
 4.15034  -0.40544
 4.19036  -0.41908
 4.23008  -0.43026
 4.26942  -0.43898
 4.30842  -0.44530
 4.34713  -0.44927
 4.38591  -0.45095
 4.42511  -0.45035
 4.46471  -0.44741
 4.50497  -0.44207
 4.54560  -0.43435
 4.58648  -0.42427
 4.62758  -0.41189
 4.66889  -0.39727
 4.71064  -0.38040
 4.75317  -0.36116
 4.79677  -0.33943
 4.84077  -0.31559
 4.88519  -0.28974
 4.93067  -0.26159
 4.97631  -0.23184
 5.02279  -0.20019
 5.06981  -0.16698
 5.11725  -0.13250
 5.16540  -0.09671
 5.21418  -0.05987
 5.26352  -0.02226
 5.31343   0.01593
 5.36397   0.05450
 5.41562   0.09359
 5.46852   0.13303
 5.52282   0.17265
 5.57859   0.21220
 5.63592   0.25142
 5.69492   0.29000
 5.75544   0.32751
 5.81738   0.36352
 5.88046   0.39753
 5.94374   0.42881
 6.00725   0.45723
 6.07126   0.48278
 6.13443   0.50492
 6.19760   0.52399
 6.26097   0.54006
 6.32367   0.55299
 6.38646   0.56304
 6.44986   0.57036
 6.51297   0.57491
 6.57619   0.57688
 6.64039   0.57637
 6.70470   0.57348
 6.77023   0.56827
 6.83678   0.56082
 6.90489   0.55116
 6.97391   0.53948
 7.04408   0.52590
 7.11565   0.51050
 7.18888   0.49338
 7.26385   0.47468
 7.34013   0.45469
 7.41820   0.43349
 7.49798   0.41131
 7.57932   0.38841
 7.66228   0.36500
 7.74667   0.34134
 7.83256   0.31763
 7.92025   0.29401
 8.00991   0.27063
 8.10192   0.24760
 8.19692   0.22496
 8.29593   0.20270
 8.40051   0.18074
 8.51196   0.15914
 8.62584   0.13900
 8.73252   0.12187
 8.83162   0.10742
 8.92561   0.09495
 9.01611   0.08404
 9.10412   0.07440
 9.19026   0.06584
 9.27500   0.05820
 9.35870   0.05137
 9.44162   0.04525
 9.52400   0.03975
 9.60603   0.03482
 9.68788   0.03038
 9.76969   0.02639
 9.85162   0.02279
 9.93380   0.01953
 10.01636   0.01659
 10.09944   0.01391
 10.18317   0.01146
 10.26769   0.00921
 10.35315   0.00711
 10.43973   0.00515
 10.52759   0.00326
 10.61686   0.00143
 10.70757  -0.00040
 10.74164  -0.00109
