 0.00010   0.00014
 0.00017   0.00024
 0.00024   0.00035
 0.00029   0.00041
 0.00034   0.00048
 0.00039   0.00056
 0.00046   0.00066
 0.00054   0.00077
 0.00061   0.00087
 0.00068   0.00098
 0.00078   0.00112
 0.00088   0.00126
 0.00097   0.00139
 0.00106   0.00151
 0.00115   0.00165
 0.00141   0.00202
 0.00167   0.00239
 0.00198   0.00284
 0.00222   0.00317
 0.00243   0.00347
 0.00276   0.00394
 0.00295   0.00422
 0.00315   0.00450
 0.00333   0.00475
 0.00396   0.00565
 0.00434   0.00620
 0.00469   0.00670
 0.00495   0.00707
 0.00521   0.00744
 0.00549   0.00783
 0.00583   0.00831
 0.00616   0.00879
 0.00649   0.00926
 0.00771   0.01099
 0.00839   0.01195
 0.00880   0.01253
 0.00920   0.01310
 0.00966   0.01374
 0.00997   0.01418
 0.01028   0.01462
 0.01063   0.01512
 0.01420   0.02016
 0.01550   0.02198
 0.01680   0.02380
 0.01971   0.02786
 0.02044   0.02889
 0.02112   0.02983
 0.02788   0.03919
 0.02901   0.04074
 0.02959   0.04153
 0.03000   0.04210
 0.03042   0.04267
 0.03459   0.04837
 0.03671   0.05124
 0.03883   0.05411
 0.04159   0.05784
 0.04424   0.06139
 0.04703   0.06511
 0.04982   0.06882
 0.05099   0.07036
 0.05206   0.07178
 0.05524   0.07595
 0.05841   0.08009
 0.05985   0.08196
 0.06130   0.08383
 0.06272   0.08567
 0.06771   0.09207
 0.06934   0.09414
 0.07097   0.09621
 0.07297   0.09875
 0.07771   0.10469
 0.07931   0.10669
 0.08092   0.10867
 0.08338   0.11171
 0.08803   0.11741
 0.09268   0.12303
 0.09812   0.12953
 0.10037   0.13219
 0.10262   0.13484
 0.10820   0.14133
 0.10984   0.14322
 0.11148   0.14510
 0.11343   0.14732
 0.11851   0.15306
 0.12170   0.15662
 0.12461   0.15983
 0.12816   0.16373
 0.12964   0.16533
 0.13111   0.16692
 0.13273   0.16866
 0.13735   0.17359
 0.13920   0.17554
 0.14106   0.17749
 0.14417   0.18072
 0.14714   0.18379
 0.14935   0.18604
 0.15155   0.18827
 0.15364   0.19037
 0.15952   0.19619
 0.16345   0.20002
 0.16706   0.20348
 0.16921   0.20552
 0.17135   0.20754
 0.17389   0.20990
 0.17716   0.21292
 0.17940   0.21497
 0.18164   0.21699
 0.18394   0.21905
 0.18788   0.22253
 0.19041   0.22474
 0.19293   0.22691
 0.19917   0.23219
 0.20294   0.23531
 0.20633   0.23807
 0.20886   0.24010
 0.21139   0.24210
 0.21481   0.24477
 0.21920   0.24814
 0.22359   0.25142
 0.22758   0.25435
 0.23307   0.25827
 0.23855   0.26208
 0.24259   0.26480
 0.24663   0.26746
 0.25508   0.27282
 0.26002   0.27582
 0.26495   0.27872
 0.26879   0.28091
 0.27263   0.28304
 0.27632   0.28504
 0.28504   0.28954
 0.28931   0.29163
 0.29357   0.29364
 0.29800   0.29566
 0.30330   0.29797
 0.30860   0.30017
 0.31334   0.30204
 0.31762   0.30365
 0.32359   0.30577
 0.32955   0.30775
 0.33988   0.31085
 0.34711   0.31277
 0.35434   0.31447
 0.35961   0.31559
 0.36488   0.31659
 0.36935   0.31735
 0.37381   0.31804
 0.37887   0.31873
 0.38698   0.31961
 0.39438   0.32020
 0.39899   0.32046
 0.40360   0.32063
 0.40849   0.32073
 0.41538   0.32072
 0.41892   0.32064
 0.42198   0.32053
 0.42504   0.32039
 0.42930   0.32014
 0.43148   0.31998
 0.43357   0.31981
 0.43962   0.31924
 0.44567   0.31853
 0.45008   0.31793
 0.45450   0.31726
 0.45939   0.31643
 0.46429   0.31551
 0.46894   0.31456
 0.47359   0.31354
 0.47916   0.31221
 0.48774   0.30995
 0.49631   0.30744
 0.50444   0.30483
 0.50969   0.30302
 0.51494   0.30113
 0.52338   0.29789
 0.52976   0.29529
 0.53613   0.29256
 0.54688   0.28766
 0.55824   0.28211
 0.56884   0.27657
 0.57898   0.27097
 0.58912   0.26507
 0.59991   0.25848
 0.60884   0.25279
 0.61778   0.24688
 0.62959   0.23877
 0.64024   0.23116
 0.64929   0.22449
 0.65835   0.21762
 0.67256   0.20649
 0.68734   0.19446
 0.69852   0.18508
 0.70970   0.17547
 0.72563   0.16141
 0.74074   0.14770
 0.75445   0.13498
 0.76875   0.12145
 0.78842   0.10245
 0.80808   0.08308
 0.83006   0.06108
 0.85569   0.03506
 0.88030   0.00989
 0.90811  -0.01861
 0.93624  -0.04731
 0.96393  -0.07524
 0.99102  -0.10206
 1.01957  -0.12960
 1.04131  -0.14996
 1.06019  -0.16714
 1.07907  -0.18380
 1.10119  -0.20259
 1.12325  -0.22048
 1.14531  -0.23745
 1.16579  -0.25233
 1.18572  -0.26595
 1.20527  -0.27845
 1.22434  -0.28978
 1.24272  -0.29987
 1.26080  -0.30897
 1.27952  -0.31752
 1.30118  -0.32626
 1.32321  -0.33386
 1.34327  -0.33964
 1.36334  -0.34431
 1.38288  -0.34778
 1.39996  -0.34994
 1.41704  -0.35128
 1.43540  -0.35181
 1.45363  -0.35140
 1.47141  -0.35012
 1.48817  -0.34810
 1.50861  -0.34460
 1.53015  -0.33970
 1.55410  -0.33280
 1.57864  -0.32419
 1.60230  -0.31447
 1.62651  -0.30312
 1.64993  -0.29085
 1.67508  -0.27632
 1.69836  -0.26169
 1.72381  -0.24447
 1.75498  -0.22176
 1.78371  -0.19941
 1.81198  -0.17622
 1.84025  -0.15199
 1.86962  -0.12588
 1.89899  -0.09897
 1.92877  -0.07105
 1.95906  -0.04219
 1.98981  -0.01260
 2.02092   0.01741
 2.05221   0.04749
 2.08380   0.07750
 2.11568   0.10725
 2.14764   0.13631
 2.17925   0.16410
 2.21073   0.19064
 2.24250   0.21612
 2.27544   0.24096
 2.30672   0.26290
 2.33619   0.28198
 2.36499   0.29904
 2.39466   0.31488
 2.42495   0.32915
 2.45448   0.34113
 2.48437   0.35127
 2.51421   0.35933
 2.54402   0.36531
 2.57387   0.36919
 2.60368   0.37095
 2.63353   0.37059
 2.66343   0.36811
 2.69376   0.36347
 2.72366   0.35683
 2.75401   0.34804
 2.78410   0.33735
 2.81437   0.32468
 2.84465   0.31017
 2.87499   0.29388
 2.90540   0.27589
 2.93590   0.25630
 2.96649   0.23520
 2.99747   0.21248
 3.02904   0.18809
 3.06121   0.16207
 3.09419   0.13439
 3.12777   0.10531
 3.16124   0.07565
 3.19521   0.04503
 3.22945   0.01388
 3.26387  -0.01754
 3.29846  -0.04899
 3.33346  -0.08047
 3.36880  -0.11170
 3.40436  -0.14235
 3.44026  -0.17227
 3.47599  -0.20084
 3.51173  -0.22803
 3.54740  -0.25358
 3.58235  -0.27695
 3.61764  -0.29870
 3.65185  -0.31792
 3.68632  -0.33530
 3.71993  -0.35024
 3.75312  -0.36297
 3.78701  -0.37386
 3.81937  -0.38220
 3.85154  -0.38847
 3.88400  -0.39274
 3.91666  -0.39495
 3.94791  -0.39509
 3.97901  -0.39334
 4.01048  -0.38967
 4.04252  -0.38399
 4.07556  -0.37614
 4.10843  -0.36637
 4.14144  -0.35465
 4.17530  -0.34073
 4.20957  -0.32476
 4.24399  -0.30694
 4.27955  -0.28676
 4.31493  -0.26502
 4.35116  -0.24119
 4.38767  -0.21574
 4.42448  -0.18877
 4.46209  -0.16004
 4.50000  -0.13007
 4.53822  -0.09904
 4.57682  -0.06706
 4.61578  -0.03434
 4.65506  -0.00114
 4.69457   0.03227
 4.73446   0.06578
 4.77490   0.09932
 4.81588   0.13262
 4.85733   0.16540
 4.89916   0.19733
 4.94122   0.22806
 4.98347   0.25734
 5.02587   0.28495
 5.06815   0.31053
 5.10997   0.33378
 5.15148   0.35472
 5.19281   0.37332
 5.23395   0.38954
 5.27490   0.40332
 5.31554   0.41463
 5.35577   0.42346
 5.39569   0.42986
 5.43537   0.43391
 5.47488   0.43564
 5.51428   0.43510
 5.55374   0.43232
 5.59361   0.42729
 5.63394   0.41998
 5.67481   0.41035
 5.71622   0.39840
 5.75801   0.38420
 5.80018   0.36780
 5.84296   0.34916
 5.88652   0.32823
 5.93065   0.30518
 5.97529   0.28013
 6.02071   0.25302
 6.06657   0.22418
 6.11311   0.19360
 6.16025   0.16148
 6.20791   0.12805
 6.25618   0.09342
 6.30506   0.05780
 6.35454   0.02140
 6.40461  -0.01558
 6.45530  -0.05291
 6.50712  -0.09075
 6.56021  -0.12895
 6.61468  -0.16729
 6.67063  -0.20557
 6.72813  -0.24350
 6.78724  -0.28078
 6.84793  -0.31704
 6.90997  -0.35179
 6.97294  -0.38450
 7.03644  -0.41474
 7.10038  -0.44227
 7.16406  -0.46673
 7.22757  -0.48814
 7.29106  -0.50655
 7.35415  -0.52190
 7.41722  -0.53436
 7.48050  -0.54404
 7.54363  -0.55097
 7.60698  -0.55528
 7.67086  -0.55710
 7.73487  -0.55649
 7.79959  -0.55358
 7.86534  -0.54842
 7.93226  -0.54108
 8.00025  -0.53167
 8.06956  -0.52026
 8.14024  -0.50695
 8.21230  -0.49190
 8.28581  -0.47523
 8.36088  -0.45708
 8.43758  -0.43763
 8.51595  -0.41705
 8.59587  -0.39558
 8.67740  -0.37341
 8.76054  -0.35077
 8.84526  -0.32787
 8.93153  -0.30493
 9.01956  -0.28210
 9.10956  -0.25953
 9.20195  -0.23730
 9.29744  -0.21545
 9.39708  -0.19396
 9.50243  -0.17277
 9.61466  -0.15196
 9.72837  -0.13275
 9.83448  -0.11648
 9.93323  -0.10273
 10.02705  -0.09087
 10.11748  -0.08048
 10.20547  -0.07131
 10.29165  -0.06317
 10.37647  -0.05591
 10.46026  -0.04944
 10.54329  -0.04365
 10.62579  -0.03847
 10.70795  -0.03383
 10.78993  -0.02968
 10.87188  -0.02597
 10.95394  -0.02264
 11.03623  -0.01967
 11.11886  -0.01701
 11.20198  -0.01463
 11.28568  -0.01250
 11.37009  -0.01059
 11.45533  -0.00887
 11.54155  -0.00732
 11.62890  -0.00592
 11.71753  -0.00463
 11.80764  -0.00344
 11.89945  -0.00232
 11.99319  -0.00125
 12.08906  -0.00019
 12.13806   0.00035
