 0.00018   0.00000
 0.00023   0.00000
 0.00028   0.00000
 0.00034   0.00000
 0.00041   0.00000
 0.00049   0.00000
 0.00059   0.00000
 0.00069   0.00000
 0.00082   0.00000
 0.00096   0.00000
 0.00112   0.00000
 0.00131   0.00000
 0.00151   0.00000
 0.00175   0.00000
 0.00201   0.00001
 0.00229   0.00001
 0.00262   0.00001
 0.00298   0.00001
 0.00339   0.00002
 0.00383   0.00002
 0.00432   0.00003
 0.00486   0.00003
 0.00546   0.00004
 0.00611   0.00005
 0.00682   0.00007
 0.00761   0.00008
 0.00845   0.00010
 0.00940   0.00013
 0.01046   0.00016
 0.01173   0.00020
 0.01295   0.00024
 0.01428   0.00030
 0.01571   0.00036
 0.01727   0.00043
 0.01895   0.00052
 0.02005   0.00058
 0.02105   0.00064
 0.02305   0.00077
 0.02518   0.00092
 0.02748   0.00109
 0.02995   0.00129
 0.03260   0.00153
 0.03535   0.00180
 0.03841   0.00212
 0.04169   0.00250
 0.04512   0.00292
 0.04890   0.00342
 0.05207   0.00388
 0.05504   0.00432
 0.05958   0.00506
 0.06442   0.00590
 0.06877   0.00671
 0.07235   0.00741
 0.07582   0.00812
 0.07981   0.00898
 0.08380   0.00988
 0.08869   0.01104
 0.09262   0.01202
 0.09644   0.01300
 0.10432   0.01515
 0.10914   0.01653
 0.11396   0.01798
 0.11866   0.01943
 0.12351   0.02099
 0.12790   0.02245
 0.13402   0.02456
 0.13956   0.02653
 0.14627   0.02902
 0.14931   0.03018
 0.15236   0.03136
 0.15600   0.03279
 0.16508   0.03649
 0.16987   0.03851
 0.17465   0.04057
 0.17983   0.04285
 0.18500   0.04518
 0.18881   0.04693
 0.19262   0.04870
 0.19686   0.05070
 0.20543   0.05485
 0.20932   0.05677
 0.21321   0.05872
 0.21800   0.06115
 0.22477   0.06465
 0.22975   0.06727
 0.23473   0.06992
 0.24017   0.07286
 0.24524   0.07565
 0.24963   0.07808
 0.25401   0.08053
 0.25947   0.08363
 0.26493   0.08675
 0.26944   0.08937
 0.27395   0.09200
 0.27992   0.09552
 0.28648   0.09943
 0.29304   0.10339
 0.29947   0.10731
 0.30628   0.11149
 0.31309   0.11572
 0.31967   0.11984
 0.33214   0.12771
 0.33862   0.13184
 0.34510   0.13600
 0.35104   0.13982
 0.35698   0.14366
 0.36603   0.14954
 0.37479   0.15524
 0.38521   0.16205
 0.39498   0.16844
 0.40471   0.17481
 0.40952   0.17795
 0.41432   0.18110
 0.41879   0.18401
 0.42326   0.18693
 0.42755   0.18972
 0.43293   0.19322
 0.43822   0.19665
 0.44635   0.20189
 0.45447   0.20711
 0.46544   0.21410
 0.47611   0.22084
 0.49295   0.23131
 0.50752   0.24018
 0.51619   0.24537
 0.52486   0.25048
 0.53789   0.25801
 0.54874   0.26413
 0.55959   0.27011
 0.57213   0.27682
 0.58154   0.28171
 0.58867   0.28532
 0.59579   0.28886
 0.60478   0.29321
 0.61622   0.29855
 0.62752   0.30362
 0.63882   0.30845
 0.64827   0.31232
 0.65772   0.31601
 0.66874   0.32010
 0.67831   0.32346
 0.68788   0.32663
 0.69919   0.33013
 0.70850   0.33281
 0.71782   0.33530
 0.72930   0.33810
 0.74196   0.34085
 0.74967   0.34235
 0.75739   0.34370
 0.76721   0.34523
 0.77703   0.34652
 0.78786   0.34768
 0.79950   0.34861
 0.80999   0.34916
 0.82048   0.34945
 0.83030   0.34946
 0.84056   0.34922
 0.85004   0.34877
 0.85923   0.34811
 0.86843   0.34724
 0.88265   0.34547
 0.89597   0.34335
 0.90976   0.34069
 0.91975   0.33846
 0.92974   0.33598
 0.94745   0.33099
 0.96042   0.32683
 0.97327   0.32232
 0.98557   0.31762
 1.00017   0.31157
 1.01550   0.30469
 1.02994   0.29771
 1.04651   0.28913
 1.06270   0.28016
 1.07876   0.27072
 1.09481   0.26074
 1.11081   0.25030
 1.12605   0.23989
 1.14316   0.22770
 1.16347   0.21258
 1.18791   0.19350
 1.21212   0.17373
 1.23480   0.15449
 1.25736   0.13476
 1.28285   0.11182
 1.30825   0.08842
 1.33677   0.06163
 1.36526   0.03449
 1.39511   0.00582
 1.42558  -0.02348
 1.45621  -0.05277
 1.48672  -0.08156
 1.51675  -0.10935
 1.54612  -0.13579
 1.57455  -0.16056
 1.60574  -0.18657
 1.63455  -0.20940
 1.66564  -0.23256
 1.69376  -0.25206
 1.72037  -0.26913
 1.74698  -0.28478
 1.77242  -0.29833
 1.80229  -0.31240
 1.82833  -0.32298
 1.85400  -0.33182
 1.88323  -0.33991
 1.91095  -0.34561
 1.93572  -0.34905
 1.95909  -0.35086
 1.98358  -0.35125
 2.01385  -0.34960
 2.04382  -0.34568
 2.07389  -0.33948
 2.10369  -0.33114
 2.13440  -0.32034
 2.16302  -0.30832
 2.19050  -0.29508
 2.21798  -0.28024
 2.24512  -0.26412
 2.27252  -0.24644
 2.30461  -0.22408
 2.33471  -0.20163
 2.36485  -0.17786
 2.39522  -0.15278
 2.42572  -0.12660
 2.45636  -0.09948
 2.48732  -0.07143
 2.51877  -0.04244
 2.55061  -0.01281
 2.58270   0.01715
 2.61491   0.04709
 2.64743   0.07699
 2.68014   0.10651
 2.71296   0.13536
 2.74611   0.16352
 2.77873   0.19006
 2.81097   0.21499
 2.84330   0.23850
 2.87626   0.26080
 2.90738   0.28016
 2.93789   0.29744
 2.96804   0.31275
 2.99783   0.32609
 3.02724   0.33745
 3.05626   0.34683
 3.08485   0.35426
 3.11384   0.35993
 3.14357   0.36377
 3.17326   0.36560
 3.20289   0.36542
 3.23208   0.36330
 3.26119   0.35928
 3.29018   0.35342
 3.31906   0.34578
 3.34808   0.33634
 3.37735   0.32507
 3.40695   0.31197
 3.43690   0.29704
 3.46728   0.28028
 3.49811   0.26169
 3.52943   0.24130
 3.56128   0.21915
 3.59385   0.19515
 3.62711   0.16939
 3.66025   0.14266
 3.69391   0.11458
 3.72818   0.08524
 3.76255   0.05523
 3.79731   0.02451
 3.83225  -0.00654
 3.86737  -0.03770
 3.90282  -0.06889
 3.93862  -0.09990
 3.97468  -0.13044
 4.01100  -0.16026
 4.04734  -0.18895
 4.08353  -0.21619
 4.11988  -0.24204
 4.15564  -0.26582
 4.19127  -0.28773
 4.22649  -0.30751
 4.26118  -0.32507
 4.29564  -0.34051
 4.32973  -0.35375
 4.36327  -0.36474
 4.39706  -0.37371
 4.42986  -0.38038
 4.46247  -0.38498
 4.49526  -0.38757
 4.52757  -0.38811
 4.55938  -0.38672
 4.59143  -0.38339
 4.62410  -0.37804
 4.65735  -0.37062
 4.69046  -0.36129
 4.72411  -0.34990
 4.75854  -0.33631
 4.79296  -0.32088
 4.82820  -0.30327
 4.86355  -0.28386
 4.89972  -0.26234
 4.93607  -0.23915
 4.97299  -0.21416
 5.01047  -0.18746
 5.04829  -0.15934
 5.08652  -0.12991
 5.12523  -0.09928
 5.16434  -0.06768
 5.20380  -0.03536
 5.24355  -0.00257
 5.28355   0.03045
 5.32391   0.06357
 5.36483   0.09670
 5.40628   0.12960
 5.44820   0.16197
 5.49048   0.19348
 5.53304   0.22383
 5.57580   0.25275
 5.61859   0.27992
 5.66112   0.30500
 5.70348   0.32795
 5.74568   0.34864
 5.78756   0.36694
 5.82894   0.38274
 5.86993   0.39609
 5.91060   0.40703
 5.95102   0.41557
 5.99120   0.42175
 6.03116   0.42560
 6.07091   0.42717
 6.11046   0.42651
 6.15001   0.42367
 6.19000   0.41861
 6.23049   0.41131
 6.27153   0.40175
 6.31316   0.38989
 6.35545   0.37573
 6.39832   0.35930
 6.44161   0.34071
 6.48557   0.31992
 6.53022   0.29697
 6.57535   0.27206
 6.62122   0.24515
 6.66762   0.21650
 6.71464   0.18617
 6.76230   0.15431
 6.81053   0.12114
 6.85934   0.08684
 6.90876   0.05158
 6.95880   0.01557
 7.00947  -0.02099
 7.06083  -0.05792
 7.11338  -0.09534
 7.16722  -0.13307
 7.22247  -0.17091
 7.27923  -0.20862
 7.33758  -0.24592
 7.39754  -0.28251
 7.45904  -0.31796
 7.52181  -0.35181
 7.58547  -0.38354
 7.64972  -0.41281
 7.71407  -0.43922
 7.77832  -0.46263
 7.84245  -0.48303
 7.90626  -0.50037
 7.97007  -0.51480
 8.03373  -0.52634
 8.09741  -0.53511
 8.16137  -0.54123
 8.22542  -0.54476
 8.28989  -0.54583
 8.35473  -0.54453
 8.42038  -0.54095
 8.48710  -0.53517
 8.55506  -0.52723
 8.62416  -0.51726
 8.69452  -0.50536
 8.76625  -0.49162
 8.83947  -0.47618
 8.91423  -0.45918
 8.99053  -0.44080
 9.06851  -0.42117
 9.14817  -0.40051
 9.22946  -0.37902
 9.31237  -0.35694
 9.39684  -0.33448
 9.48288  -0.31187
 9.57059  -0.28928
 9.66013  -0.26687
 9.75181  -0.24475
 9.84619  -0.22300
 9.94411  -0.20164
 10.04689  -0.18060
 10.15621  -0.15985
 10.27143  -0.13982
 10.38310  -0.12219
 10.48633  -0.10742
 10.58333  -0.09482
 10.67616  -0.08388
 10.76608  -0.07427
 10.85386  -0.06577
 10.94004  -0.05821
 11.02503  -0.05148
 11.10912  -0.04548
 11.19257  -0.04012
 11.27558  -0.03533
 11.35833  -0.03105
 11.44098  -0.02724
 11.52367  -0.02383
 11.60653  -0.02079
 11.68968  -0.01809
 11.77324  -0.01568
 11.85732  -0.01354
 11.94203  -0.01165
 12.02750  -0.00997
 12.11383  -0.00848
 12.20114  -0.00716
 12.28956  -0.00599
 12.37923  -0.00495
 12.47031  -0.00403
 12.56297  -0.00320
 12.65742  -0.00246
 12.75390  -0.00177
 12.85271  -0.00113
 12.95420  -0.00052
 13.05871   0.00009
 13.10910   0.00039
