 0.00010   0.00016
 0.00015   0.00024
 0.00020   0.00031
 0.00024   0.00038
 0.00030   0.00048
 0.00036   0.00057
 0.00048   0.00075
 0.00058   0.00092
 0.00068   0.00108
 0.00080   0.00126
 0.00089   0.00141
 0.00099   0.00156
 0.00113   0.00179
 0.00128   0.00203
 0.00180   0.00284
 0.00200   0.00315
 0.00220   0.00346
 0.00247   0.00389
 0.00284   0.00448
 0.00322   0.00508
 0.00384   0.00605
 0.00420   0.00661
 0.00455   0.00717
 0.00486   0.00766
 0.00518   0.00815
 0.00560   0.00881
 0.00600   0.00945
 0.00641   0.01009
 0.00687   0.01081
 0.00728   0.01145
 0.00767   0.01205
 0.00847   0.01331
 0.00901   0.01415
 0.00954   0.01498
 0.00992   0.01557
 0.01029   0.01616
 0.01064   0.01671
 0.01411   0.02211
 0.01542   0.02414
 0.01673   0.02617
 0.01922   0.03000
 0.01969   0.03074
 0.01993   0.03109
 0.02016   0.03145
 0.02041   0.03183
 0.02289   0.03564
 0.02536   0.03942
 0.02783   0.04319
 0.02901   0.04499
 0.03020   0.04678
 0.03131   0.04847
 0.03402   0.05257
 0.03674   0.05665
 0.03996   0.06147
 0.04319   0.06627
 0.04620   0.07074
 0.04989   0.07617
 0.05185   0.07903
 0.05363   0.08165
 0.05795   0.08792
 0.05926   0.08981
 0.05989   0.09071
 0.06051   0.09161
 0.06128   0.09271
 0.06892   0.10363
 0.06978   0.10485
 0.07064   0.10607
 0.07156   0.10737
 0.07453   0.11153
 0.07749   0.11567
 0.07926   0.11814
 0.08104   0.12060
 0.08370   0.12427
 0.08874   0.13118
 0.09167   0.13516
 0.09461   0.13913
 0.09727   0.14270
 0.09994   0.14626
 0.10649   0.15491
 0.10890   0.15807
 0.11132   0.16121
 0.11388   0.16452
 0.11713   0.16869
 0.11892   0.17098
 0.12025   0.17267
 0.12148   0.17423
 0.12619   0.18016
 0.12881   0.18344
 0.13144   0.18669
 0.13433   0.19025
 0.13762   0.19426
 0.13977   0.19688
 0.14193   0.19948
 0.14440   0.20245
 0.14793   0.20664
 0.14976   0.20881
 0.15160   0.21097
 0.15381   0.21356
 0.15819   0.21863
 0.16257   0.22364
 0.16809   0.22988
 0.17228   0.23454
 0.17643   0.23910
 0.18513   0.24849
 0.18995   0.25359
 0.19478   0.25861
 0.19875   0.26269
 0.20214   0.26613
 0.20553   0.26953
 0.20927   0.27324
 0.21300   0.27689
 0.21653   0.28030
 0.21975   0.28338
 0.22298   0.28643
 0.22694   0.29013
 0.22983   0.29279
 0.23272   0.29543
 0.23670   0.29900
 0.23924   0.30126
 0.24177   0.30349
 0.24447   0.30585
 0.24812   0.30898
 0.25176   0.31208
 0.25534   0.31507
 0.25955   0.31853
 0.26376   0.32194
 0.26837   0.32560
 0.27287   0.32910
 0.27736   0.33253
 0.28351   0.33711
 0.28966   0.34157
 0.29786   0.34730
 0.30394   0.35141
 0.30945   0.35502
 0.31783   0.36031
 0.32403   0.36407
 0.32972   0.36741
 0.33905   0.37265
 0.34732   0.37705
 0.35403   0.38045
 0.35808   0.38242
 0.36213   0.38434
 0.36701   0.38658
 0.37399   0.38965
 0.37880   0.39167
 0.38361   0.39361
 0.38846   0.39549
 0.39475   0.39781
 0.39876   0.39922
 0.40277   0.40058
 0.40710   0.40199
 0.41413   0.40414
 0.42116   0.40613
 0.42873   0.40809
 0.43172   0.40882
 0.43471   0.40951
 0.44816   0.41228
 0.45545   0.41354
 0.46080   0.41436
 0.46573   0.41503
 0.46947   0.41549
 0.47321   0.41591
 0.47833   0.41640
 0.48753   0.41709
 0.49485   0.41745
 0.49925   0.41759
 0.50366   0.41767
 0.50923   0.41768
 0.51774   0.41752
 0.52625   0.41715
 0.53401   0.41661
 0.53921   0.41616
 0.54441   0.41562
 0.55107   0.41482
 0.55868   0.41375
 0.56643   0.41248
 0.57417   0.41105
 0.58098   0.40965
 0.58722   0.40826
 0.59591   0.40614
 0.60460   0.40381
 0.61494   0.40078
 0.62501   0.39756
 0.63550   0.39391
 0.64732   0.38948
 0.65668   0.38571
 0.66604   0.38174
 0.67701   0.37680
 0.68950   0.37084
 0.70198   0.36452
 0.71164   0.35939
 0.72131   0.35405
 0.73004   0.34905
 0.74190   0.34200
 0.75377   0.33466
 0.76464   0.32770
 0.77628   0.31997
 0.79031   0.31034
 0.80324   0.30114
 0.81490   0.29260
 0.82779   0.28289
 0.84771   0.26736
 0.86644   0.25222
 0.88419   0.23741
 0.90073   0.22325
 0.91645   0.20948
 0.93399   0.19379
 0.94965   0.17950
 0.96532   0.16498
 0.98318   0.14816
 1.00787   0.12453
 1.02966   0.10335
 1.05144   0.08191
 1.07522   0.05830
 1.10159   0.03193
 1.13523  -0.00187
 1.17216  -0.03895
 1.20902  -0.07571
 1.24458  -0.11072
 1.27672  -0.14182
 1.30654  -0.17009
 1.33473  -0.19619
 1.36594  -0.22428
 1.39519  -0.24976
 1.41905  -0.26985
 1.44290  -0.28929
 1.46509  -0.30675
 1.48894  -0.32482
 1.51709  -0.34515
 1.54347  -0.36319
 1.56836  -0.37927
 1.59631  -0.39620
 1.62187  -0.41060
 1.64660  -0.42353
 1.67224  -0.43587
 1.69595  -0.44630
 1.72079  -0.45620
 1.74966  -0.46635
 1.77852  -0.47505
 1.80646  -0.48207
 1.83234  -0.48733
 1.85649  -0.49118
 1.88246  -0.49416
 1.90657  -0.49586
 1.93285  -0.49656
 1.95653  -0.49615
 1.98319  -0.49454
 2.00851  -0.49189
 2.03826  -0.48740
 2.06791  -0.48149
 2.09770  -0.47412
 2.12786  -0.46525
 2.15876  -0.45473
 2.19117  -0.44220
 2.23651  -0.42221
 2.27628  -0.40243
 2.31604  -0.38070
 2.36168  -0.35352
 2.40422  -0.32621
 2.45355  -0.29239
 2.49957  -0.25900
 2.54187  -0.22693
 2.58782  -0.19083
 2.63367  -0.15373
 2.68176  -0.11389
 2.72928  -0.07385
 2.77709  -0.03313
 2.82614   0.00884
 2.87577   0.05125
 2.92626   0.09409
 2.97795   0.13737
 3.03123   0.18109
 3.08581   0.22471
 3.14204   0.26814
 3.19920   0.31047
 3.25819   0.35199
 3.31977   0.39277
 3.38065   0.43031
 3.44078   0.46452
 3.50053   0.49557
 3.56016   0.52355
 3.61983   0.54851
 3.67984   0.57049
 3.73982   0.58937
 3.79978   0.60518
 3.85984   0.61799
 3.91990   0.62786
 3.98001   0.63490
 4.04018   0.63920
 4.10057   0.64090
 4.16116   0.64010
 4.22206   0.63693
 4.28355   0.63148
 4.34829   0.62350
 4.41744   0.61267
 4.48855   0.59931
 4.56013   0.58385
 4.63150   0.56671
 4.70359   0.54791
 4.77638   0.52770
 4.85245   0.50552
 4.92951   0.48224
 5.00938   0.45753
 5.09096   0.43196
 5.17341   0.40605
 5.25691   0.37999
 5.34159   0.35396
 5.42885   0.32777
 5.51790   0.30189
 5.60864   0.27657
 5.70257   0.25158
 5.80083   0.22691
 5.90449   0.20258
 6.01477   0.17868
 6.12790   0.15627
 6.23440   0.13711
 6.33322   0.12095
 6.42685   0.10703
 6.51702   0.09484
 6.60466   0.08408
 6.69038   0.07452
 6.77463   0.06600
 6.85787   0.05838
 6.94028   0.05157
 7.02213   0.04545
 7.10361   0.03997
 7.18489   0.03505
 7.26611   0.03063
 7.34742   0.02666
 7.42892   0.02309
 7.51075   0.01989
 7.59304   0.01699
 7.67591   0.01438
 7.75949   0.01201
 7.84390   0.00986
 7.92931   0.00788
 8.01587   0.00604
 8.10375   0.00432
 8.19316   0.00268
 8.28425   0.00107
 8.37707  -0.00054
 8.41228  -0.00115
