 0.00010   0.00016
 0.00015   0.00024
 0.00020   0.00031
 0.00024   0.00038
 0.00030   0.00047
 0.00084   0.00133
 0.00094   0.00149
 0.00104   0.00165
 0.00114   0.00180
 0.00141   0.00223
 0.00168   0.00265
 0.00183   0.00289
 0.00198   0.00312
 0.00212   0.00335
 0.00226   0.00356
 0.00279   0.00439
 0.00331   0.00522
 0.00385   0.00606
 0.00424   0.00669
 0.00463   0.00730
 0.00488   0.00768
 0.00513   0.00807
 0.00540   0.00850
 0.00582   0.00916
 0.00624   0.00983
 0.00686   0.01079
 0.00731   0.01149
 0.00771   0.01213
 0.00835   0.01313
 0.00899   0.01412
 0.00991   0.01557
 0.01028   0.01614
 0.01061   0.01666
 0.01396   0.02187
 0.01535   0.02403
 0.01674   0.02618
 0.01932   0.03016
 0.01984   0.03096
 0.02023   0.03157
 0.02063   0.03217
 0.02455   0.03819
 0.02744   0.04260
 0.02839   0.04405
 0.02935   0.04550
 0.02980   0.04618
 0.03025   0.04687
 0.03088   0.04782
 0.03719   0.05732
 0.03904   0.06009
 0.03979   0.06122
 0.04047   0.06223
 0.04109   0.06316
 0.04732   0.07238
 0.04877   0.07453
 0.04994   0.07624
 0.05110   0.07794
 0.05243   0.07988
 0.05655   0.08588
 0.05902   0.08946
 0.05986   0.09068
 0.06070   0.09189
 0.06164   0.09323
 0.06435   0.09712
 0.06707   0.10099
 0.06941   0.10432
 0.07089   0.10642
 0.07237   0.10850
 0.07774   0.11602
 0.08311   0.12346
 0.08937   0.13204
 0.09107   0.13434
 0.09276   0.13664
 0.09624   0.14131
 0.09971   0.14596
 0.10244   0.14958
 0.10495   0.15289
 0.10778   0.15661
 0.10953   0.15888
 0.11127   0.16114
 0.11291   0.16327
 0.11673   0.16817
 0.11899   0.17107
 0.12126   0.17395
 0.12400   0.17740
 0.12684   0.18097
 0.12968   0.18451
 0.13385   0.18966
 0.13766   0.19432
 0.13970   0.19679
 0.14173   0.19924
 0.14397   0.20192
 0.14865   0.20750
 0.15196   0.21139
 0.15527   0.21525
 0.15950   0.22013
 0.16329   0.22446
 0.16677   0.22839
 0.16935   0.23128
 0.17194   0.23416
 0.17443   0.23691
 0.17863   0.24150
 0.18208   0.24522
 0.18552   0.24890
 0.18928   0.25288
 0.19304   0.25681
 0.19647   0.26035
 0.19960   0.26355
 0.20273   0.26672
 0.20613   0.27012
 0.21550   0.27931
 0.21950   0.28314
 0.22351   0.28692
 0.22760   0.29073
 0.23309   0.29576
 0.23859   0.30068
 0.24290   0.30447
 0.24680   0.30785
 0.24976   0.31038
 0.25271   0.31287
 0.25659   0.31610
 0.25977   0.31871
 0.26295   0.32129
 0.26717   0.32465
 0.27433   0.33022
 0.27857   0.33344
 0.28282   0.33660
 0.28698   0.33964
 0.29442   0.34491
 0.29899   0.34807
 0.30356   0.35115
 0.30798   0.35406
 0.31377   0.35777
 0.31914   0.36111
 0.32691   0.36577
 0.33405   0.36988
 0.33987   0.37309
 0.34569   0.37619
 0.34931   0.37806
 0.35293   0.37989
 0.35710   0.38194
 0.36419   0.38529
 0.36978   0.38781
 0.37536   0.39023
 0.38097   0.39255
 0.38657   0.39476
 0.41036   0.40300
 0.41809   0.40527
 0.42314   0.40665
 0.42773   0.40784
 0.42992   0.40838
 0.43210   0.40890
 0.43513   0.40960
 0.44577   0.41183
 0.45606   0.41363
 0.46536   0.41498
 0.47102   0.41566
 0.47641   0.41622
 0.48428   0.41687
 0.49012   0.41723
 0.49596   0.41749
 0.52045   0.41742
 0.52783   0.41704
 0.53522   0.41651
 0.54030   0.41604
 0.54498   0.41555
 0.55774   0.41388
 0.56644   0.41248
 0.57482   0.41092
 0.58390   0.40901
 0.58927   0.40777
 0.59463   0.40646
 0.60115   0.40476
 0.60766   0.40294
 0.63435   0.39432
 0.64448   0.39057
 0.65422   0.38672
 0.66375   0.38272
 0.67281   0.37872
 0.68015   0.37533
 0.68749   0.37182
 0.69956   0.36577
 0.70925   0.36067
 0.71894   0.35537
 0.73003   0.34905
 0.73886   0.34383
 0.74769   0.33845
 0.76008   0.33064
 0.77005   0.32414
 0.78001   0.31744
 0.78955   0.31087
 0.79908   0.30413
 0.81614   0.29167
 0.82785   0.28284
 0.83956   0.27379
 0.85502   0.26151
 0.86980   0.24945
 0.88792   0.23424
 0.90689   0.21788
 0.92616   0.20083
 0.94574   0.18309
 0.96593   0.16441
 0.98733   0.14422
 1.01132   0.12120
 1.03530   0.09781
 1.05887   0.07455
 1.08848   0.04505
 1.12027   0.01317
 1.15670  -0.02344
 1.19002  -0.05681
 1.22335  -0.08988
 1.25362  -0.11952
 1.28140  -0.14629
 1.31213  -0.17532
 1.34159  -0.20244
 1.37208  -0.22970
 1.40094  -0.25465
 1.43059  -0.27934
 1.46024  -0.30299
 1.48745  -0.32370
 1.51414  -0.34307
 1.54136  -0.36178
 1.56859  -0.37940
 1.59706  -0.39663
 1.62337  -0.41141
 1.64778  -0.42412
 1.67500  -0.43713
 1.69937  -0.44772
 1.72374  -0.45729
 1.74969  -0.46636
 1.77565  -0.47424
 1.80024  -0.48062
 1.82780  -0.48649
 1.85496  -0.49096
 1.87944  -0.49387
 1.90392  -0.49572
 1.93426  -0.49655
 1.96459  -0.49579
 2.00371  -0.49247
 2.04133  -0.48685
 2.07374  -0.48015
 2.10421  -0.47232
 2.13903  -0.46160
 2.17188  -0.44984
 2.21250  -0.43314
 2.25313  -0.41418
 2.29677  -0.39147
 2.33993  -0.36676
 2.37879  -0.34275
 2.41716  -0.31755
 2.45772  -0.28943
 2.49909  -0.25935
 2.54110  -0.22752
 2.58595  -0.19233
 2.63385  -0.15358
 2.68185  -0.11381
 2.72941  -0.07373
 2.77719  -0.03305
 2.82622   0.00891
 2.87586   0.05133
 2.92636   0.09417
 2.97807   0.13746
 3.03136   0.18120
 3.08597   0.22483
 3.14217   0.26823
 3.19941   0.31061
 3.25822   0.35201
 3.31975   0.39275
 3.38064   0.43030
 3.44079   0.46451
 3.50053   0.49556
 3.56016   0.52354
 3.61983   0.54850
 3.67984   0.57048
 3.73982   0.58936
 3.79978   0.60517
 3.85984   0.61798
 3.91990   0.62786
 3.98001   0.63489
 4.04018   0.63919
 4.10057   0.64089
 4.16116   0.64009
 4.22206   0.63692
 4.28355   0.63147
 4.34829   0.62350
 4.41744   0.61267
 4.48855   0.59930
 4.56013   0.58384
 4.63150   0.56670
 4.70359   0.54791
 4.77638   0.52770
 4.85245   0.50552
 4.92951   0.48224
 5.00938   0.45753
 5.09096   0.43196
 5.17341   0.40606
 5.25690   0.38000
 5.34159   0.35397
 5.42885   0.32778
 5.51789   0.30191
 5.60863   0.27658
 5.70256   0.25160
 5.80081   0.22693
 5.90446   0.20261
 6.01473   0.17871
 6.12787   0.15630
 6.23436   0.13714
 6.33318   0.12099
 6.42682   0.10707
 6.51699   0.09489
 6.60462   0.08413
 6.69034   0.07457
 6.77460   0.06606
 6.85783   0.05845
 6.94025   0.05163
 7.02209   0.04553
 7.10357   0.04005
 7.18484   0.03514
 7.26606   0.03073
 7.34736   0.02678
 7.42885   0.02322
 7.51066   0.02003
 7.59293   0.01716
 7.67577   0.01457
 7.75930   0.01222
 7.84366   0.01010
 7.92900   0.00815
 8.01547   0.00636
 8.10324   0.00469
 8.19251   0.00311
 8.28347   0.00157
 8.37624   0.00005
 8.41228  -0.00054
