 0.00010   0.00017
 0.00017   0.00029
 0.00024   0.00042
 0.00030   0.00051
 0.00036   0.00061
 0.00045   0.00078
 0.00055   0.00095
 0.00065   0.00112
 0.00076   0.00130
 0.00089   0.00153
 0.00099   0.00170
 0.00109   0.00186
 0.00120   0.00206
 0.00154   0.00264
 0.00188   0.00323
 0.00198   0.00340
 0.00208   0.00356
 0.00217   0.00373
 0.00260   0.00446
 0.00282   0.00484
 0.00304   0.00521
 0.00326   0.00560
 0.00359   0.00617
 0.00393   0.00673
 0.00415   0.00711
 0.00437   0.00749
 0.00484   0.00829
 0.00524   0.00897
 0.00563   0.00965
 0.00596   0.01021
 0.00628   0.01076
 0.00664   0.01137
 0.00697   0.01194
 0.00730   0.01250
 0.00773   0.01323
 0.00843   0.01442
 0.00895   0.01530
 0.00947   0.01618
 0.00978   0.01672
 0.01000   0.01709
 0.01021   0.01746
 0.01073   0.01833
 0.01587   0.02703
 0.01744   0.02968
 0.01902   0.03232
 0.01999   0.03395
 0.02097   0.03558
 0.02209   0.03747
 0.02463   0.04170
 0.02717   0.04592
 0.02820   0.04763
 0.02924   0.04934
 0.02979   0.05025
 0.03033   0.05115
 0.03098   0.05222
 0.03746   0.06285
 0.03908   0.06549
 0.03968   0.06647
 0.04028   0.06745
 0.04087   0.06840
 0.04674   0.07789
 0.04908   0.08164
 0.04973   0.08270
 0.05039   0.08375
 0.05137   0.08531
 0.05401   0.08952
 0.05665   0.09371
 0.05849   0.09661
 0.05988   0.09881
 0.06127   0.10100
 0.06271   0.10325
 0.06780   0.11118
 0.06999   0.11458
 0.07218   0.11796
 0.07587   0.12363
 0.07817   0.12713
 0.07952   0.12919
 0.08087   0.13124
 0.08225   0.13333
 0.08728   0.14089
 0.08905   0.14353
 0.09003   0.14500
 0.09101   0.14645
 0.09439   0.15146
 0.09777   0.15644
 0.09937   0.15877
 0.10096   0.16110
 0.10300   0.16407
 0.10877   0.17239
 0.11150   0.17630
 0.11423   0.18018
 0.11725   0.18445
 0.11900   0.18691
 0.12075   0.18937
 0.12236   0.19161
 0.12989   0.20202
 0.13742   0.21226
 0.13962   0.21522
 0.14182   0.21817
 0.14409   0.22119
 0.14766   0.22590
 0.14962   0.22849
 0.15159   0.23106
 0.15373   0.23384
 0.15775   0.23904
 0.15987   0.24175
 0.16199   0.24445
 0.16485   0.24808
 0.16935   0.25374
 0.17279   0.25802
 0.17592   0.26188
 0.17876   0.26535
 0.18160   0.26880
 0.18552   0.27353
 0.18911   0.27781
 0.19229   0.28157
 0.19517   0.28494
 0.19872   0.28908
 0.20228   0.29317
 0.20581   0.29719
 0.21592   0.30850
 0.21871   0.31156
 0.22150   0.31459
 0.22494   0.31831
 0.22904   0.32268
 0.23314   0.32699
 0.23686   0.33087
 0.23991   0.33401
 0.24296   0.33713
 0.24775   0.34195
 0.25364   0.34779
 0.25934   0.35333
 0.26672   0.36035
 0.26995   0.36337
 0.27318   0.36635
 0.27909   0.37173
 0.28463   0.37667
 0.28978   0.38116
 0.29997   0.38982
 0.30718   0.39575
 0.31439   0.40151
 0.31899   0.40510
 0.32360   0.40862
 0.32817   0.41205
 0.33368   0.41610
 0.33882   0.41980
 0.34475   0.42395
 0.34894   0.42682
 0.35313   0.42964
 0.35746   0.43249
 0.36390   0.43662
 0.36856   0.43953
 0.37322   0.44237
 0.37784   0.44513
 0.38442   0.44893
 0.38877   0.45137
 0.39312   0.45376
 0.39762   0.45616
 0.40470   0.45982
 0.40927   0.46210
 0.41383   0.46431
 0.41911   0.46680
 0.42229   0.46825
 0.42519   0.46955
 0.42791   0.47075
 0.42977   0.47155
 0.43163   0.47235
 0.43380   0.47326
 0.43961   0.47564
 0.44542   0.47793
 0.44963   0.47952
 0.45385   0.48105
 0.45983   0.48315
 0.46736   0.48564
 0.47488   0.48796
 0.47931   0.48925
 0.48374   0.49049
 0.48937   0.49197
 0.49767   0.49400
 0.50509   0.49565
 0.50965   0.49658
 0.51421   0.49746
 0.51973   0.49845
 0.52526   0.49935
 0.53029   0.50009
 0.53485   0.50071
 0.54686   0.50205
 0.55556   0.50279
 0.56426   0.50332
 0.56982   0.50355
 0.57538   0.50370
 0.58484   0.50377
 0.59096   0.50369
 0.59707   0.50351
 0.60526   0.50313
 0.61346   0.50257
 0.61979   0.50202
 0.62612   0.50138
 0.63687   0.50005
 0.64791   0.49840
 0.65791   0.49665
 0.66806   0.49463
 0.67844   0.49232
 0.68930   0.48963
 0.69739   0.48745
 0.70548   0.48513
 0.71465   0.48232
 0.72538   0.47880
 0.73712   0.47467
 0.74918   0.47013
 0.75789   0.46666
 0.76661   0.46303
 0.77691   0.45855
 0.78856   0.45324
 0.79835   0.44857
 0.80815   0.44372
 0.81890   0.43819
 0.82965   0.43245
 0.84238   0.42540
 0.85441   0.41847
 0.86628   0.41140
 0.87929   0.40340
 0.89229   0.39512
 0.90766   0.38502
 0.92533   0.37296
 0.93801   0.36404
 0.95070   0.35490
 0.96293   0.34589
 0.97528   0.33659
 0.99009   0.32521
 1.00718   0.31175
 1.02499   0.29738
 1.03826   0.28646
 1.05154   0.27537
 1.06357   0.26516
 1.07706   0.25357
 1.09749   0.23573
 1.11937   0.21625
 1.14480   0.19320
 1.16908   0.17082
 1.19767   0.14406
 1.22572   0.11746
 1.25315   0.09117
 1.28042   0.06484
 1.32761   0.01897
 1.37361  -0.02587
 1.42022  -0.07115
 1.46673  -0.11591
 1.50910  -0.15614
 1.54880  -0.19320
 1.58622  -0.22745
 1.61952  -0.25729
 1.65282  -0.28646
 1.68451  -0.31355
 1.71815  -0.34153
 1.75101  -0.36805
 1.79809  -0.40453
 1.84256  -0.43727
 1.89708  -0.47503
 1.94651  -0.50687
 1.99210  -0.53417
 2.04277  -0.56213
 2.09343  -0.58754
 2.15957  -0.61686
 2.20399  -0.63409
 2.24535  -0.64838
 2.28486  -0.66046
 2.32150  -0.67031
 2.37528  -0.68246
 2.42483  -0.69127
 2.46437  -0.69672
 2.50021  -0.70047
 2.53925  -0.70332
 2.57736  -0.70489
 2.61579  -0.70531
 2.66473  -0.70423
 2.71181  -0.70155
 2.76571  -0.69663
 2.81813  -0.69008
 2.87706  -0.68080
 2.93598  -0.66966
 3.00151  -0.65531
 3.06329  -0.64011
 3.12641  -0.62311
 3.19582  -0.60297
 3.26523  -0.58156
 3.33790  -0.55807
 3.41775  -0.53131
 3.49760  -0.50390
 3.57879  -0.47566
 3.66603  -0.44526
 3.74690  -0.41728
 3.83019  -0.38893
 3.91866  -0.35954
 4.00639  -0.33134
 4.09535  -0.30388
 4.18824  -0.27657
 4.28443  -0.24986
 4.38748  -0.22312
 4.49690  -0.19689
 4.60880  -0.17239
 4.71417  -0.15143
 4.81186  -0.13377
 4.90447  -0.11854
 4.99383  -0.10518
 5.08072  -0.09338
 5.16564  -0.08291
 5.24943  -0.07355
 5.33191  -0.06521
 5.41375  -0.05774
 5.49507  -0.05106
 5.57604  -0.04507
 5.65680  -0.03971
 5.73745  -0.03492
 5.81815  -0.03063
 5.89902  -0.02681
 5.98017  -0.02340
 6.06174  -0.02036
 6.14384  -0.01765
 6.22657  -0.01525
 6.31002  -0.01312
 6.39427  -0.01123
 6.47948  -0.00956
 6.56572  -0.00808
 6.65314  -0.00677
 6.74187  -0.00561
 6.83206  -0.00459
 6.92387  -0.00367
 7.01751  -0.00285
 7.11322  -0.00210
 7.21128  -0.00140
 7.31206  -0.00074
 7.41595  -0.00009
 7.44450   0.00009
