 0.00032   0.00000
 0.00047   0.00000
 0.00069   0.00000
 0.00096   0.00000
 0.00130   0.00000
 0.00169   0.00000
 0.00215   0.00000
 0.00269   0.00000
 0.00330   0.00000
 0.00399   0.00000
 0.00476   0.00000
 0.00562   0.00000
 0.00657   0.00000
 0.00761   0.00000
 0.00874   0.00000
 0.00998   0.00000
 0.01131   0.00000
 0.01275   0.00000
 0.01430   0.00000
 0.01596   0.00000
 0.01772   0.00000
 0.01961   0.00000
 0.02161   0.00000
 0.02373   0.00001
 0.02597   0.00001
 0.02835   0.00001
 0.03085   0.00001
 0.03358   0.00002
 0.03636   0.00002
 0.03927   0.00003
 0.04232   0.00003
 0.04545   0.00004
 0.04879   0.00005
 0.05227   0.00007
 0.05584   0.00008
 0.05962   0.00010
 0.06357   0.00012
 0.06762   0.00014
 0.07189   0.00017
 0.07660   0.00020
 0.08121   0.00024
 0.08622   0.00029
 0.09118   0.00034
 0.09661   0.00041
 0.10195   0.00048
 0.10772   0.00056
 0.11345   0.00065
 0.11930   0.00076
 0.12542   0.00088
 0.13157   0.00101
 0.13836   0.00117
 0.14513   0.00135
 0.15162   0.00154
 0.15878   0.00176
 0.16622   0.00202
 0.17345   0.00228
 0.18393   0.00271
 0.19379   0.00316
 0.20335   0.00364
 0.21292   0.00416
 0.22269   0.00474
 0.22892   0.00513
 0.23515   0.00555
 0.24297   0.00610
 0.25123   0.00672
 0.25883   0.00732
 0.26953   0.00823
 0.27978   0.00916
 0.28799   0.00995
 0.29620   0.01078
 0.30508   0.01173
 0.31683   0.01306
 0.32737   0.01433
 0.33727   0.01560
 0.34714   0.01692
 0.35700   0.01831
 0.36685   0.01977
 0.37674   0.02130
 0.38695   0.02295
 0.39740   0.02472
 0.40778   0.02655
 0.41846   0.02852
 0.42848   0.03044
 0.43309   0.03136
 0.43763   0.03227
 0.44675   0.03415
 0.45588   0.03609
 0.46710   0.03857
 0.47873   0.04123
 0.48913   0.04370
 0.49953   0.04625
 0.51044   0.04901
 0.52028   0.05158
 0.53038   0.05430
 0.54012   0.05699
 0.55209   0.06039
 0.56520   0.06424
 0.57711   0.06785
 0.58770   0.07114
 0.59829   0.07452
 0.60893   0.07800
 0.61957   0.08156
 0.62847   0.08459
 0.63737   0.08768
 0.64899   0.09180
 0.65909   0.09546
 0.66918   0.09918
 0.67875   0.10277
 0.68832   0.10643
 0.69789   0.11013
 0.70745   0.11390
 0.71921   0.11861
 0.73057   0.12324
 0.73954   0.12695
 0.74851   0.13071
 0.75837   0.13489
 0.76823   0.13913
 0.77822   0.14348
 0.78821   0.14788
 0.79830   0.15237
 0.80839   0.15692
 0.81844   0.16150
 0.82849   0.16612
 0.84005   0.17149
 0.85160   0.17692
 0.86225   0.18197
 0.87209   0.18668
 0.88152   0.19123
 0.89457   0.19757
 0.90689   0.20361
 0.92303   0.21159
 0.93818   0.21915
 0.95265   0.22643
 0.96712   0.23375
 0.97895   0.23976
 0.98955   0.24516
 1.00014   0.25058
 1.00906   0.25516
 1.01797   0.25974
 1.02801   0.26491
 1.03806   0.27008
 1.04884   0.27564
 1.05962   0.28120
 1.07237   0.28778
 1.08456   0.29406
 1.09645   0.30018
 1.11302   0.30869
 1.13004   0.31740
 1.14177   0.32337
 1.15349   0.32932
 1.16462   0.33494
 1.17665   0.34099
 1.18787   0.34659
 1.19910   0.35216
 1.20907   0.35708
 1.21905   0.36197
 1.23250   0.36850
 1.24581   0.37489
 1.25986   0.38157
 1.27489   0.38862
 1.28851   0.39491
 1.30653   0.40310
 1.32279   0.41034
 1.33947   0.41762
 1.35615   0.42473
 1.36771   0.42956
 1.37927   0.43430
 1.39412   0.44026
 1.40765   0.44555
 1.42667   0.45277
 1.43825   0.45704
 1.44984   0.46120
 1.46574   0.46674
 1.47858   0.47106
 1.48918   0.47453
 1.49978   0.47789
 1.51713   0.48320
 1.53042   0.48708
 1.54348   0.49073
 1.55600   0.49408
 1.56815   0.49720
 1.58031   0.50017
 1.59343   0.50321
 1.60601   0.50597
 1.61815   0.50848
 1.63028   0.51084
 1.64358   0.51325
 1.65638   0.51539
 1.67276   0.51788
 1.68741   0.51986
 1.70054   0.52143
 1.71327   0.52278
 1.72567   0.52392
 1.74049   0.52506
 1.75425   0.52589
 1.76769   0.52650
 1.78824   0.52702
 1.80791   0.52707
 1.82683   0.52670
 1.84485   0.52595
 1.85819   0.52516
 1.86995   0.52428
 1.88171   0.52325
 1.89508   0.52187
 1.91022   0.52006
 1.92715   0.51772
 1.94587   0.51474
 1.96506   0.51126
 1.98442   0.50731
 2.00388   0.50291
 2.02357   0.49802
 2.05043   0.49063
 2.07922   0.48181
 2.10724   0.47235
 2.13004   0.46402
 2.15285   0.45513
 2.17478   0.44608
 2.19863   0.43568
 2.22777   0.42219
 2.25681   0.40794
 2.28551   0.39308
 2.31518   0.37695
 2.35151   0.35616
 2.39232   0.33156
 2.43313   0.30570
 2.47297   0.27937
 2.51280   0.25205
 2.55845   0.21966
 2.60035   0.18905
 2.64250   0.15752
 2.68669   0.12383
 2.73047   0.08993
 2.77360   0.05619
 2.81695   0.02205
 2.85995  -0.01190
 2.90275  -0.04564
 2.94630  -0.07980
 2.99086  -0.11444
 3.03652  -0.14948
 3.08334  -0.18479
 3.13136  -0.22020
 3.18035  -0.25537
 3.22942  -0.28946
 3.27902  -0.32267
 3.33003  -0.35537
 3.37988  -0.38581
 3.42904  -0.41425
 3.47984  -0.44193
 3.52938  -0.46717
 3.57887  -0.49061
 3.62981  -0.51284
 3.67863  -0.53230
 3.72923  -0.55056
 3.77896  -0.56660
 3.82856  -0.58071
 3.87934  -0.59323
 3.92810  -0.60343
 3.97970  -0.61232
 4.02768  -0.61887
 4.07495  -0.62374
 4.12222  -0.62709
 4.17550  -0.62911
 4.22682  -0.62935
 4.27814  -0.62801
 4.33166  -0.62501
 4.38257  -0.62072
 4.43769  -0.61460
 4.49875  -0.60615
 4.55818  -0.59639
 4.61996  -0.58478
 4.67915  -0.57240
 4.74038  -0.55846
 4.80120  -0.54360
 4.86240  -0.52778
 4.92443  -0.51099
 4.99110  -0.49227
 5.05736  -0.47313
 5.13062  -0.45151
 5.20055  -0.43062
 5.27119  -0.40940
 5.34272  -0.38796
 5.41483  -0.36652
 5.48794  -0.34509
 5.56529  -0.32288
 5.64117  -0.30166
 5.71957  -0.28042
 5.80031  -0.25937
 5.88310  -0.23872
 5.96859  -0.21845
 6.05824  -0.19839
 6.15217  -0.17872
 6.24793  -0.16009
 6.33988  -0.14355
 6.42567  -0.12928
 6.50706  -0.11676
 6.58496  -0.10567
 6.66039  -0.09573
 6.73369  -0.08679
 6.80554  -0.07870
 6.87605  -0.07135
 6.94548  -0.06468
 7.01410  -0.05859
 7.08209  -0.05304
 7.14951  -0.04797
 7.21647  -0.04334
 7.28307  -0.03910
 7.34952  -0.03523
 7.41578  -0.03169
 7.48197  -0.02845
 7.54819  -0.02548
 7.61446  -0.02277
 7.68090  -0.02029
 7.74755  -0.01801
 7.81445  -0.01593
 7.88172  -0.01401
 7.94940  -0.01226
 8.01755  -0.01064
 8.08625  -0.00915
 8.15559  -0.00777
 8.22565  -0.00648
 8.29653  -0.00527
 8.36831  -0.00413
 8.44112  -0.00305
 8.51505  -0.00199
 8.59018  -0.00096
 8.66650   0.00007
 8.68326   0.00030
