 0.00032   0.00000
 0.00047   0.00000
 0.00069   0.00000
 0.00096   0.00000
 0.00130   0.00000
 0.00169   0.00000
 0.00215   0.00000
 0.00269   0.00000
 0.00330   0.00000
 0.00399   0.00000
 0.00476   0.00000
 0.00562   0.00000
 0.00657   0.00000
 0.00761   0.00000
 0.00874   0.00000
 0.00998   0.00000
 0.01131   0.00000
 0.01275   0.00000
 0.01430   0.00000
 0.01596   0.00000
 0.01773   0.00001
 0.01961   0.00001
 0.02162   0.00001
 0.02373   0.00001
 0.02598   0.00002
 0.02835   0.00002
 0.03086   0.00003
 0.03359   0.00004
 0.03637   0.00005
 0.03928   0.00006
 0.04233   0.00007
 0.04548   0.00009
 0.04882   0.00011
 0.05231   0.00014
 0.05587   0.00017
 0.05967   0.00020
 0.06362   0.00024
 0.06770   0.00029
 0.07198   0.00035
 0.07667   0.00043
 0.08130   0.00051
 0.08633   0.00061
 0.09133   0.00072
 0.09677   0.00085
 0.10216   0.00100
 0.10797   0.00118
 0.11375   0.00137
 0.11949   0.00159
 0.12569   0.00184
 0.13196   0.00213
 0.13788   0.00242
 0.14380   0.00274
 0.14968   0.00308
 0.15556   0.00344
 0.16273   0.00393
 0.17268   0.00467
 0.18171   0.00542
 0.18839   0.00601
 0.19507   0.00665
 0.20245   0.00740
 0.21016   0.00824
 0.21792   0.00915
 0.22763   0.01037
 0.23662   0.01158
 0.24532   0.01283
 0.25519   0.01435
 0.26443   0.01587
 0.27367   0.01748
 0.28296   0.01919
 0.29149   0.02086
 0.29933   0.02246
 0.30717   0.02413
 0.31773   0.02649
 0.32800   0.02891
 0.33859   0.03154
 0.34973   0.03445
 0.36201   0.03782
 0.37157   0.04057
 0.37898   0.04278
 0.38639   0.04504
 0.39639   0.04821
 0.40820   0.05209
 0.41970   0.05603
 0.42620   0.05832
 0.42988   0.05963
 0.43356   0.06097
 0.43943   0.06312
 0.44861   0.06657
 0.45779   0.07011
 0.46947   0.07474
 0.48033   0.07917
 0.48916   0.08285
 0.49799   0.08662
 0.50800   0.09097
 0.51800   0.09541
 0.52989   0.10081
 0.53879   0.10493
 0.54769   0.10911
 0.55976   0.11487
 0.56909   0.11940
 0.57842   0.12399
 0.58912   0.12932
 0.59982   0.13472
 0.60873   0.13927
 0.61765   0.14385
 0.62984   0.15018
 0.63866   0.15480
 0.64747   0.15944
 0.65950   0.16581
 0.66925   0.17101
 0.67901   0.17622
 0.68843   0.18127
 0.69784   0.18632
 0.71028   0.19299
 0.72219   0.19938
 0.73376   0.20557
 0.74460   0.21135
 0.75613   0.21746
 0.76720   0.22330
 0.77828   0.22910
 0.78833   0.23431
 0.79838   0.23947
 0.80878   0.24474
 0.81917   0.24995
 0.82925   0.25493
 0.83934   0.25985
 0.84915   0.26454
 0.85896   0.26916
 0.87187   0.27510
 0.88369   0.28039
 0.89496   0.28530
 0.90744   0.29057
 0.92282   0.29681
 0.93821   0.30275
 0.95062   0.30731
 0.96189   0.31127
 0.97685   0.31623
 0.98822   0.31977
 0.99958   0.32310
 1.01221   0.32655
 1.02484   0.32973
 1.03687   0.33250
 1.04789   0.33481
 1.05890   0.33689
 1.07238   0.33913
 1.08751   0.34122
 1.09912   0.34252
 1.10936   0.34345
 1.11960   0.34415
 1.13191   0.34472
 1.14422   0.34496
 1.15592   0.34490
 1.17023   0.34442
 1.18379   0.34355
 1.19601   0.34243
 1.20859   0.34093
 1.21936   0.33936
 1.23014   0.33754
 1.24438   0.33473
 1.25800   0.33163
 1.28031   0.32565
 1.29740   0.32032
 1.31448   0.31436
 1.33094   0.30801
 1.34631   0.30156
 1.36356   0.29372
 1.38062   0.28535
 1.39925   0.27555
 1.42149   0.26294
 1.44393   0.24927
 1.46918   0.23279
 1.49427   0.21535
 1.52114   0.19555
 1.55278   0.17089
 1.58419   0.14515
 1.61464   0.11916
 1.64385   0.09344
 1.67335   0.06684
 1.70251   0.04012
 1.73127   0.01350
 1.75969  -0.01289
 1.78790  -0.03901
 1.81618  -0.06494
 1.84435  -0.09038
 1.87287  -0.11555
 1.90165  -0.14022
 1.93041  -0.16395
 1.95835  -0.18600
 1.98528  -0.20616
 2.01122  -0.22448
 2.03975  -0.24324
 2.06597  -0.25912
 2.09068  -0.27280
 2.11736  -0.28610
 2.14187  -0.29690
 2.16763  -0.30673
 2.19165  -0.31446
 2.21550  -0.32072
 2.23823  -0.32535
 2.26130  -0.32869
 2.28384  -0.33063
 2.30638  -0.33124
 2.32842  -0.33056
 2.35073  -0.32859
 2.37493  -0.32501
 2.39721  -0.32038
 2.42027  -0.31428
 2.44440  -0.30650
 2.46824  -0.29744
 2.49251  -0.28686
 2.52062  -0.27296
 2.54617  -0.25886
 2.57120  -0.24378
 2.59802  -0.22630
 2.62412  -0.20808
 2.65116  -0.18805
 2.67862  -0.16662
 2.70588  -0.14438
 2.73326  -0.12121
 2.76171  -0.09641
 2.79007  -0.07107
 2.81843  -0.04531
 2.84687  -0.01919
 2.87536   0.00709
 2.90384   0.03332
 2.93250   0.05950
 2.96136   0.08551
 2.99039   0.11111
 3.01946   0.13604
 3.04847   0.16007
 3.07733   0.18296
 3.10593   0.20453
 3.13418   0.22460
 3.16266   0.24350
 3.19116   0.26094
 3.21890   0.27641
 3.24589   0.28995
 3.27226   0.30168
 3.29938   0.31214
 3.32533   0.32058
 3.35060   0.32728
 3.37608   0.33249
 3.40079   0.33606
 3.42573   0.33814
 3.44983   0.33872
 3.47390   0.33788
 3.49824   0.33560
 3.52262   0.33189
 3.54834   0.32644
 3.57339   0.31966
 3.59933   0.31114
 3.62508   0.30121
 3.65096   0.28981
 3.67766   0.27662
 3.70440   0.26202
 3.73170   0.24577
 3.75955   0.22786
 3.78750   0.20867
 3.81574   0.18812
 3.84429   0.16629
 3.87340   0.14308
 3.90290   0.11872
 3.93262   0.09346
 3.96250   0.06749
 3.99252   0.04099
 4.02263   0.01417
 4.05277  -0.01278
 4.08291  -0.03964
 4.11333  -0.06651
 4.14402  -0.09320
 4.17492  -0.11949
 4.20595  -0.14513
 4.23700  -0.16987
 4.26799  -0.19349
 4.29883  -0.21581
 4.32945  -0.23665
 4.35980  -0.25589
 4.38981  -0.27343
 4.41947  -0.28921
 4.44875  -0.30321
 4.47763  -0.31540
 4.50612  -0.32579
 4.53420  -0.33441
 4.56220  -0.34136
 4.58996  -0.34661
 4.61715  -0.35014
 4.64395  -0.35205
 4.67069  -0.35240
 4.69706  -0.35123
 4.72348  -0.34856
 4.75054  -0.34430
 4.77777  -0.33846
 4.80524  -0.33104
 4.83307  -0.32199
 4.86162  -0.31115
 4.89040  -0.29870
 4.91948  -0.28462
 4.94891  -0.26894
 4.97872  -0.25165
 5.00894  -0.23279
 5.03956  -0.21242
 5.07057  -0.19062
 5.10197  -0.16746
 5.13375  -0.14306
 5.16585  -0.11759
 5.19814  -0.09127
 5.23065  -0.06423
 5.26332  -0.03667
 5.29611  -0.00879
 5.32896   0.01919
 5.36189   0.04713
 5.39518   0.07509
 5.42882   0.10287
 5.46275   0.13026
 5.49693   0.15704
 5.53123   0.18293
 5.56561   0.20772
 5.59995   0.23119
 5.63409   0.25311
 5.66811   0.27342
 5.70170   0.29186
 5.73503   0.30849
 5.76799   0.32321
 5.80049   0.33597
 5.83265   0.34684
 5.86455   0.35584
 5.89607   0.36295
 5.92712   0.36821
 5.95784   0.37170
 5.98825   0.37345
 6.01837   0.37353
 6.04822   0.37200
 6.07841   0.36882
 6.10900   0.36396
 6.14000   0.35739
 6.17142   0.34907
 6.20334   0.33897
 6.23577   0.32706
 6.26852   0.31342
 6.30169   0.29803
 6.33539   0.28087
 6.36952   0.26201
 6.40405   0.24153
 6.43910   0.21944
 6.47449   0.19593
 6.51032   0.17102
 6.54647   0.14493
 6.58293   0.11778
 6.61969   0.08973
 6.65666   0.06101
 6.69381   0.03178
 6.73112   0.00226
 6.76853  -0.02737
 6.80621  -0.05705
 6.84442  -0.08680
 6.88315  -0.11644
 6.92237  -0.14576
 6.96206  -0.17452
 7.00213  -0.20247
 7.04248  -0.22935
 7.08301  -0.25491
 7.12357  -0.27890
 7.16405  -0.30114
 7.20434  -0.32147
 7.24437  -0.33978
 7.28408  -0.35599
 7.32344  -0.37008
 7.36243  -0.38203
 7.40104  -0.39187
 7.43928  -0.39963
 7.47716  -0.40534
 7.51475  -0.40907
 7.55214  -0.41085
 7.58924  -0.41075
 7.62608  -0.40882
 7.66347  -0.40502
 7.70143  -0.39932
 7.73990  -0.39169
 7.77888  -0.38212
 7.81843  -0.37058
 7.85855  -0.35707
 7.89925  -0.34161
 7.94054  -0.32423
 7.98242  -0.30494
 8.02489  -0.28382
 8.06794  -0.26093
 8.11150  -0.23640
 8.15560  -0.21032
 8.20021  -0.18281
 8.24529  -0.15404
 8.29084  -0.12413
 8.33683  -0.09328
 8.38324  -0.06163
 8.43008  -0.02936
 8.47733   0.00335
 8.52502   0.03634
 8.57352   0.06970
 8.62317   0.10347
 8.67406   0.13749
 8.72630   0.17160
 8.77997   0.20563
 8.83516   0.23934
 8.89190   0.27248
 8.95011   0.30469
 9.00960   0.33561
 9.07003   0.36480
 9.13099   0.39187
 9.19209   0.41651
 9.25307   0.43856
 9.31380   0.45797
 9.37427   0.47476
 9.43451   0.48898
 9.49458   0.50070
 9.55457   0.51001
 9.61455   0.51699
 9.67460   0.52173
 9.73481   0.52431
 9.79525   0.52484
 9.85600   0.52340
 9.91760   0.52005
 9.98027   0.51482
 10.04403   0.50777
 10.10895   0.49898
 10.17507   0.48850
 10.24243   0.47645
 10.31110   0.46290
 10.38113   0.44798
 10.45257   0.43181
 10.52546   0.41452
 10.59983   0.39626
 10.67567   0.37719
 10.75298   0.35750
 10.83171   0.33735
 10.91185   0.31693
 10.99343   0.29641
 11.07651   0.27592
 11.16126   0.25561
 11.24794   0.23555
 11.33704   0.21580
 11.42926   0.19637
 11.52565   0.17723
 11.62762   0.15833
 11.73525   0.13993
 11.84182   0.12325
 11.94105   0.10909
 12.03400   0.09697
 12.12263   0.08642
 12.20821   0.07711
 12.29154   0.06884
 12.37315   0.06146
 12.45346   0.05484
 12.53275   0.04891
 12.61127   0.04357
 12.68923   0.03877
 12.76678   0.03446
 12.84407   0.03058
 12.92124   0.02709
 12.99841   0.02395
 13.07567   0.02114
 13.15313   0.01861
 13.23089   0.01635
 13.30904   0.01434
 13.38767   0.01253
 13.46687   0.01093
 13.54672   0.00950
 13.62731   0.00823
 13.70874   0.00711
 13.79109   0.00612
 13.87446   0.00525
 13.95894   0.00449
 14.04463   0.00382
 14.13165   0.00324
 14.22010   0.00273
 14.31009   0.00230
 14.40176   0.00192
 14.49523   0.00160
 14.59065   0.00133
 14.68815   0.00110
 14.78788   0.00091
 14.88999   0.00076
 14.99462   0.00063
 15.10188   0.00054
 15.21182   0.00046
 15.32436   0.00042
 15.43923   0.00040
 15.55577   0.00040
 15.67285   0.00044
 15.78886   0.00050
 15.90202   0.00059
 15.99834   0.00070
