 0.00032   0.00000
 0.00047   0.00000
 0.00069   0.00000
 0.00096   0.00000
 0.00130   0.00000
 0.00169   0.00000
 0.00215   0.00000
 0.00269   0.00000
 0.00330   0.00000
 0.00399   0.00000
 0.00476   0.00000
 0.00562   0.00000
 0.00657   0.00000
 0.00761   0.00000
 0.00874   0.00000
 0.00998   0.00000
 0.01131   0.00000
 0.01275   0.00000
 0.01430   0.00000
 0.01596   0.00000
 0.01773   0.00001
 0.01961   0.00001
 0.02162   0.00001
 0.02373   0.00001
 0.02598   0.00002
 0.02835   0.00002
 0.03086   0.00003
 0.03359   0.00004
 0.03637   0.00005
 0.03928   0.00006
 0.04233   0.00008
 0.04548   0.00010
 0.04882   0.00012
 0.05231   0.00015
 0.05588   0.00018
 0.05968   0.00022
 0.06363   0.00027
 0.06771   0.00032
 0.07199   0.00038
 0.07668   0.00046
 0.08131   0.00055
 0.08635   0.00066
 0.09135   0.00078
 0.09680   0.00092
 0.10219   0.00108
 0.10801   0.00127
 0.11381   0.00149
 0.11953   0.00172
 0.12574   0.00199
 0.13203   0.00230
 0.13880   0.00267
 0.14556   0.00307
 0.15228   0.00350
 0.15844   0.00393
 0.16460   0.00439
 0.17134   0.00493
 0.17810   0.00552
 0.18639   0.00630
 0.19419   0.00709
 0.20418   0.00819
 0.21370   0.00933
 0.22322   0.01057
 0.23268   0.01190
 0.24136   0.01321
 0.24992   0.01458
 0.25768   0.01589
 0.26544   0.01728
 0.27375   0.01884
 0.28306   0.02069
 0.29167   0.02248
 0.29947   0.02419
 0.30973   0.02655
 0.31998   0.02904
 0.33032   0.03167
 0.33980   0.03420
 0.35030   0.03714
 0.36006   0.03999
 0.36956   0.04287
 0.37907   0.04587
 0.38952   0.04929
 0.39997   0.05284
 0.40940   0.05616
 0.41883   0.05958
 0.42637   0.06238
 0.42928   0.06348
 0.43218   0.06459
 0.43558   0.06590
 0.44958   0.07142
 0.46011   0.07572
 0.46916   0.07950
 0.47821   0.08337
 0.48752   0.08743
 0.49684   0.09158
 0.50752   0.09643
 0.51893   0.10173
 0.52871   0.10635
 0.53850   0.11106
 0.54766   0.11553
 0.55683   0.12006
 0.56769   0.12549
 0.57944   0.13146
 0.59022   0.13700
 0.59895   0.14153
 0.60768   0.14609
 0.62014   0.15265
 0.63049   0.15815
 0.64033   0.16339
 0.65060   0.16889
 0.66004   0.17395
 0.66940   0.17898
 0.67875   0.18401
 0.68850   0.18925
 0.69825   0.19448
 0.70809   0.19975
 0.71794   0.20500
 0.73042   0.21161
 0.74181   0.21760
 0.75531   0.22461
 0.76800   0.23113
 0.77806   0.23622
 0.78811   0.24124
 0.79850   0.24635
 0.80888   0.25138
 0.82062   0.25694
 0.82972   0.26116
 0.83882   0.26530
 0.85204   0.27116
 0.86521   0.27679
 0.87809   0.28210
 0.89244   0.28775
 0.90678   0.29311
 0.91845   0.29726
 0.93012   0.30119
 0.94218   0.30502
 0.95424   0.30862
 0.96621   0.31193
 0.97744   0.31482
 0.98867   0.31747
 1.00259   0.32042
 1.01575   0.32286
 1.02885   0.32495
 1.03922   0.32636
 1.04960   0.32754
 1.05913   0.32843
 1.06865   0.32912
 1.07929   0.32965
 1.08993   0.32994
 1.10077   0.32997
 1.11053   0.32978
 1.12030   0.32936
 1.13015   0.32872
 1.14000   0.32786
 1.15813   0.32568
 1.16892   0.32401
 1.17971   0.32208
 1.19672   0.31847
 1.21293   0.31440
 1.22805   0.31004
 1.24317   0.30515
 1.25754   0.30002
 1.27685   0.29237
 1.29569   0.28409
 1.31409   0.27525
 1.32946   0.26730
 1.34483   0.25885
 1.36172   0.24900
 1.37720   0.23948
 1.39724   0.22646
 1.41902   0.21147
 1.44284   0.19415
 1.46674   0.17586
 1.49121   0.15627
 1.52134   0.13107
 1.54989   0.10629
 1.57706   0.08201
 1.60379   0.05763
 1.63186   0.03165
 1.65967   0.00570
 1.68722  -0.02005
 1.71467  -0.04557
 1.74218  -0.07085
 1.76981  -0.09577
 1.79707  -0.11973
 1.82373  -0.14241
 1.85168  -0.16525
 1.87946  -0.18682
 1.90550  -0.20590
 1.93009  -0.22278
 1.95544  -0.23895
 1.97921  -0.25289
 2.00354  -0.26585
 2.03011  -0.27841
 2.05414  -0.28828
 2.07781  -0.29658
 2.10064  -0.30318
 2.12457  -0.30861
 2.14645  -0.31220
 2.16811  -0.31446
 2.18975  -0.31542
 2.21139  -0.31507
 2.23278  -0.31345
 2.25417  -0.31056
 2.27551  -0.30643
 2.29725  -0.30096
 2.31953  -0.29405
 2.34238  -0.28563
 2.36598  -0.27556
 2.38909  -0.26439
 2.41286  -0.25160
 2.43925  -0.23594
 2.46380  -0.22008
 2.48925  -0.20242
 2.51450  -0.18375
 2.54007  -0.16381
 2.56609  -0.14256
 2.59216  -0.12042
 2.61928  -0.09663
 2.64620  -0.07242
 2.67325  -0.04762
 2.70068  -0.02217
 2.72810   0.00342
 2.75553   0.02900
 2.78310   0.05451
 2.81084   0.07982
 2.83867   0.10469
 2.86647   0.12883
 2.89411   0.15199
 2.92184   0.17423
 2.94944   0.19523
 2.97640   0.21452
 3.00282   0.23214
 3.02986   0.24875
 3.05573   0.26320
 3.08094   0.27586
 3.10636   0.28712
 3.13093   0.29653
 3.15568   0.30448
 3.17954   0.31068
 3.20331   0.31537
 3.22734   0.31861
 3.25048   0.32029
 3.27358   0.32054
 3.29655   0.31938
 3.31929   0.31686
 3.34238   0.31292
 3.36661   0.30731
 3.39021   0.30042
 3.41427   0.29198
 3.43856   0.28206
 3.46316   0.27063
 3.48857   0.25742
 3.51386   0.24294
 3.53969   0.22684
 3.56571   0.20939
 3.59196   0.19064
 3.61893   0.17026
 3.64602   0.14880
 3.67338   0.12624
 3.70128   0.10246
 3.72936   0.07788
 3.75763   0.05264
 3.78608   0.02692
 3.81465   0.00091
 3.84328  -0.02516
 3.87204  -0.05118
 3.90102  -0.07708
 3.93018  -0.10262
 3.95941  -0.12755
 3.98864  -0.15162
 4.01774  -0.17462
 4.04664  -0.19632
 4.07525  -0.21657
 4.10357  -0.23528
 4.13175  -0.25248
 4.15952  -0.26794
 4.18675  -0.28159
 4.21353  -0.29348
 4.24024  -0.30377
 4.26642  -0.31227
 4.29215  -0.31908
 4.31789  -0.32432
 4.34306  -0.32790
 4.36823  -0.32995
 4.39283  -0.33046
 4.41748  -0.32951
 4.44190  -0.32711
 4.46686  -0.32319
 4.49185  -0.31780
 4.51740  -0.31081
 4.54304  -0.30231
 4.56927  -0.29213
 4.59562  -0.28046
 4.62224  -0.26725
 4.64947  -0.25235
 4.67690  -0.23598
 4.70467  -0.21814
 4.73287  -0.19880
 4.76156  -0.17799
 4.79054  -0.15593
 4.81984  -0.13270
 4.84944  -0.10842
 4.87933  -0.08325
 4.90946  -0.05735
 4.93978  -0.03092
 4.97024  -0.00419
 5.00077   0.02264
 5.03142   0.04943
 5.06236   0.07615
 5.09354   0.10259
 5.12489   0.12850
 5.15632   0.15363
 5.18771   0.17773
 5.21899   0.20058
 5.25005   0.22201
 5.28085   0.24188
 5.31134   0.26007
 5.34149   0.27653
 5.37128   0.29119
 5.40069   0.30404
 5.42970   0.31507
 5.45831   0.32429
 5.48657   0.33175
 5.51447   0.33748
 5.54214   0.34153
 5.56957   0.34393
 5.59661   0.34472
 5.62334   0.34396
 5.65025   0.34167
 5.67737   0.33781
 5.70479   0.33237
 5.73258   0.32530
 5.76083   0.31656
 5.78937   0.30617
 5.81825   0.29413
 5.84751   0.28044
 5.87715   0.26511
 5.90720   0.24816
 5.93765   0.22963
 5.96851   0.20959
 5.99978   0.18809
 6.03143   0.16524
 6.06347   0.14114
 6.09586   0.11592
 6.12852   0.08980
 6.16142   0.06293
 6.19453   0.03550
 6.22780   0.00773
 6.26115  -0.02017
 6.29464  -0.04805
 6.32849  -0.07594
 6.36268  -0.10362
 6.39716  -0.13086
 6.43183  -0.15741
 6.46664  -0.18303
 6.50144  -0.20747
 6.53616  -0.23052
 6.57067  -0.25199
 6.60492  -0.27173
 6.63886  -0.28966
 6.67241  -0.30569
 6.70564  -0.31982
 6.73845  -0.33201
 6.77088  -0.34227
 6.80298  -0.35064
 6.83478  -0.35716
 6.86623  -0.36183
 6.89732  -0.36470
 6.92812  -0.36585
 6.95866  -0.36531
 6.98914  -0.36312
 7.02000  -0.35925
 7.05125  -0.35366
 7.08292  -0.34631
 7.11504  -0.33719
 7.14755  -0.32629
 7.18046  -0.31362
 7.21383  -0.29917
 7.24770  -0.28294
 7.28196  -0.26501
 7.31671  -0.24539
 7.35189  -0.22417
 7.38752  -0.20142
 7.42356  -0.17726
 7.46001  -0.15179
 7.49681  -0.12520
 7.53394  -0.09762
 7.57135  -0.06925
 7.60901  -0.04029
 7.64686  -0.01093
 7.68487   0.01862
 7.72306   0.04819
 7.76178   0.07789
 7.80103   0.10750
 7.84078   0.13682
 7.88099   0.16560
 7.92158   0.19359
 7.96246   0.22053
 8.00350   0.24616
 8.04458   0.27023
 8.08557   0.29254
 8.12635   0.31292
 8.16684   0.33128
 8.20701   0.34753
 8.24683   0.36166
 8.28630   0.37366
 8.32543   0.38353
 8.36424   0.39132
 8.40276   0.39704
 8.44098   0.40074
 8.47892   0.40248
 8.51661   0.40230
 8.55416   0.40026
 8.59225   0.39632
 8.63082   0.39046
 8.66992   0.38265
 8.70956   0.37286
 8.74977   0.36110
 8.79054   0.34735
 8.83190   0.33164
 8.87385   0.31400
 8.91639   0.29446
 8.95951   0.27309
 9.00319   0.24999
 9.04743   0.22524
 9.09222   0.19895
 9.13754   0.17126
 9.18337   0.14231
 9.22970   0.11226
 9.27650   0.08128
 9.32378   0.04953
 9.37152   0.01719
 9.41975  -0.01556
 9.46846  -0.04857
 9.51827  -0.08204
 9.56929  -0.11584
 9.62161  -0.14982
 9.67534  -0.18380
 9.73057  -0.21757
 9.78735  -0.25088
 9.84567  -0.28342
 9.90538  -0.31483
 9.96622  -0.34468
 10.02779  -0.37256
 10.08968  -0.39812
 10.15155  -0.42113
 10.21323  -0.44150
 10.27466  -0.45921
 10.33585  -0.47431
 10.39687  -0.48686
 10.45778  -0.49694
 10.51869  -0.50464
 10.57968  -0.51005
 10.64083  -0.51325
 10.70222  -0.51433
 10.76393  -0.51339
 10.82633  -0.51050
 10.88978  -0.50570
 10.95435  -0.49905
 11.02007  -0.49061
 11.08699  -0.48046
 11.15517  -0.46870
 11.22469  -0.45542
 11.29559  -0.44073
 11.36794  -0.42476
 11.44176  -0.40766
 11.51711  -0.38956
 11.59398  -0.37063
 11.67237  -0.35106
 11.75222  -0.33102
 11.83353  -0.31071
 11.91631  -0.29028
 12.00065  -0.26991
 12.08668  -0.24970
 12.17475  -0.22976
 12.26532  -0.21013
 12.35917  -0.19082
 12.45744  -0.17181
 12.56159  -0.15304
 12.67134  -0.13483
 12.77891  -0.11854
 12.87877  -0.10476
 12.97247  -0.09298
 13.06198  -0.08271
 13.14853  -0.07366
 13.23289  -0.06563
 13.31559  -0.05846
 13.39702  -0.05206
 13.47749  -0.04631
 13.55723  -0.04116
 13.63644  -0.03653
 13.71530  -0.03238
 13.79395  -0.02865
 13.87251  -0.02530
 13.95112  -0.02230
 14.02988  -0.01962
 14.10890  -0.01722
 14.18827  -0.01507
 14.26809  -0.01316
 14.34846  -0.01146
 14.42947  -0.00995
 14.51120  -0.00861
 14.59376  -0.00743
 14.67723  -0.00638
 14.76173  -0.00547
 14.84734  -0.00466
 14.93417  -0.00396
 15.02233  -0.00335
 15.11195  -0.00282
 15.20314  -0.00236
 15.29603  -0.00197
 15.39077  -0.00163
 15.48751  -0.00134
 15.58640  -0.00110
 15.68762  -0.00090
 15.79136  -0.00073
 15.89782  -0.00059
 16.00719  -0.00048
 16.11970  -0.00039
 16.23552  -0.00032
 16.35480  -0.00027
 16.47757  -0.00023
 16.60363  -0.00022
 16.73229  -0.00022
 16.86220  -0.00024
 16.99116  -0.00028
 17.11666  -0.00035
 17.23666  -0.00044
 17.35016  -0.00056
 17.45698  -0.00071
 17.55744  -0.00090
 17.65205  -0.00113
 17.74136  -0.00140
 17.82587  -0.00172
 17.90607  -0.00210
 17.98235  -0.00253
 18.05508  -0.00304
 18.07813  -0.00322
