 0.00010   0.00014
 0.00016   0.00022
 0.00020   0.00027
 0.00023   0.00033
 0.00028   0.00039
 0.00034   0.00047
 0.00040   0.00056
 0.00046   0.00064
 0.00057   0.00079
 0.00068   0.00095
 0.00079   0.00110
 0.00092   0.00128
 0.00100   0.00139
 0.00108   0.00149
 0.00185   0.00256
 0.00195   0.00271
 0.00206   0.00285
 0.00223   0.00309
 0.00294   0.00407
 0.00313   0.00433
 0.00330   0.00457
 0.00384   0.00532
 0.00421   0.00582
 0.00457   0.00631
 0.00493   0.00681
 0.00529   0.00731
 0.00562   0.00777
 0.00593   0.00820
 0.00625   0.00863
 0.00657   0.00908
 0.00696   0.00961
 0.00735   0.01015
 0.00780   0.01077
 0.00835   0.01152
 0.00889   0.01227
 0.00964   0.01329
 0.00995   0.01371
 0.01026   0.01414
 0.01059   0.01458
 0.01385   0.01904
 0.01545   0.02123
 0.01706   0.02340
 0.01969   0.02697
 0.02000   0.02738
 0.02030   0.02779
 0.02090   0.02860
 0.02691   0.03665
 0.02980   0.04050
 0.03035   0.04123
 0.03089   0.04195
 0.03638   0.04919
 0.03787   0.05114
 0.03936   0.05308
 0.04091   0.05511
 0.04247   0.05713
 0.04733   0.06341
 0.04951   0.06620
 0.05067   0.06769
 0.05183   0.06917
 0.05524   0.07350
 0.05865   0.07779
 0.05952   0.07889
 0.06040   0.07999
 0.06125   0.08105
 0.06977   0.09158
 0.07161   0.09383
 0.07328   0.09586
 0.07635   0.09957
 0.07942   0.10325
 0.08094   0.10506
 0.08246   0.10687
 0.08841   0.11386
 0.08996   0.11567
 0.09151   0.11747
 0.09375   0.12006
 0.09860   0.12560
 0.09989   0.12706
 0.10118   0.12851
 0.10284   0.13038
 0.10646   0.13441
 0.10898   0.13720
 0.11150   0.13996
 0.11447   0.14319
 0.11941   0.14849
 0.12135   0.15055
 0.12314   0.15243
 0.12921   0.15875
 0.13140   0.16101
 0.13360   0.16324
 0.13920   0.16887
 0.14147   0.17111
 0.14374   0.17334
 0.14934   0.17876
 0.15207   0.18136
 0.15454   0.18368
 0.15871   0.18755
 0.16188   0.19046
 0.16506   0.19332
 0.16853   0.19641
 0.17200   0.19946
 0.17852   0.20504
 0.18213   0.20806
 0.18574   0.21103
 0.18863   0.21337
 0.19151   0.21567
 0.19466   0.21814
 0.19804   0.22076
 0.20035   0.22252
 0.20258   0.22420
 0.20706   0.22750
 0.20939   0.22919
 0.21173   0.23086
 0.21423   0.23262
 0.21813   0.23532
 0.22203   0.23795
 0.22593   0.24052
 0.22997   0.24312
 0.23402   0.24565
 0.23817   0.24818
 0.24233   0.25063
 0.24760   0.25364
 0.25302   0.25661
 0.25844   0.25945
 0.26267   0.26158
 0.26690   0.26364
 0.27482   0.26728
 0.27936   0.26925
 0.28390   0.27113
 0.28856   0.27296
 0.29319   0.27469
 0.29738   0.27618
 0.30346   0.27820
 0.30954   0.28006
 0.31846   0.28251
 0.32346   0.28373
 0.32797   0.28474
 0.33336   0.28583
 0.33874   0.28679
 0.34454   0.28770
 0.34984   0.28839
 0.35915   0.28933
 0.36847   0.28991
 0.37401   0.29008
 0.37907   0.29012
 0.38844   0.28991
 0.39506   0.28955
 0.40106   0.28907
 0.40663   0.28849
 0.41339   0.28762
 0.42002   0.28659
 0.42704   0.28530
 0.42904   0.28490
 0.43104   0.28449
 0.43333   0.28399
 0.43957   0.28254
 0.44581   0.28093
 0.45416   0.27855
 0.45915   0.27700
 0.46415   0.27536
 0.46934   0.27356
 0.47454   0.27165
 0.48029   0.26943
 0.48568   0.26724
 0.49765   0.26201
 0.50937   0.25641
 0.51819   0.25190
 0.52700   0.24713
 0.53659   0.24167
 0.54633   0.23582
 0.55725   0.22892
 0.56877   0.22127
 0.57848   0.21454
 0.58819   0.20754
 0.60025   0.19852
 0.61179   0.18955
 0.62422   0.17953
 0.63566   0.17000
 0.64934   0.15827
 0.66462   0.14472
 0.67838   0.13218
 0.70033   0.11154
 0.72411   0.08847
 0.74630   0.06641
 0.76754   0.04493
 0.79022   0.02172
 0.81514  -0.00392
 0.84022  -0.02968
 0.86579  -0.05574
 0.89036  -0.08039
 0.91323  -0.10284
 0.93609  -0.12469
 0.95838  -0.14529
 0.98095  -0.16534
 0.99938  -0.18103
 1.01781  -0.19605
 1.03680  -0.21076
 1.05537  -0.22436
 1.07300  -0.23649
 1.09098  -0.24805
 1.10794  -0.25816
 1.12631  -0.26823
 1.14389  -0.27696
 1.16013  -0.28422
 1.18316  -0.29315
 1.20092  -0.29893
 1.21806  -0.30357
 1.23615  -0.30746
 1.25326  -0.31018
 1.27018  -0.31194
 1.29041  -0.31284
 1.31065  -0.31242
 1.33299  -0.31044
 1.35150  -0.30759
 1.36868  -0.30400
 1.38829  -0.29878
 1.40793  -0.29239
 1.42775  -0.28479
 1.44788  -0.27592
 1.46848  -0.26569
 1.48975  -0.25395
 1.51193  -0.24048
 1.53525  -0.22507
 1.55701  -0.20959
 1.57977  -0.19237
 1.60378  -0.17314
 1.62981  -0.15120
 1.65494  -0.12906
 1.67950  -0.10667
 1.70553  -0.08226
 1.73142  -0.05746
 1.75884  -0.03079
 1.78610  -0.00405
 1.81360   0.02294
 1.84127   0.04995
 1.86922   0.07685
 1.89722   0.10325
 1.92500   0.12869
 1.95272   0.15315
 1.98156   0.17743
 2.00961   0.19975
 2.03627   0.21962
 2.06179   0.23731
 2.08989   0.25515
 2.11540   0.26976
 2.13954   0.28213
 2.16416   0.29321
 2.18888   0.30272
 2.21287   0.31037
 2.23691   0.31642
 2.26017   0.32073
 2.28366   0.32352
 2.30771   0.32474
 2.33042   0.32436
 2.35368   0.32245
 2.37749   0.31891
 2.40060   0.31396
 2.42478   0.30722
 2.44802   0.29927
 2.47201   0.28959
 2.49835   0.27731
 2.52311   0.26425
 2.54983   0.24860
 2.57541   0.23220
 2.60089   0.21457
 2.62766   0.19479
 2.65424   0.17396
 2.68163   0.15144
 2.70960   0.12744
 2.73759   0.10259
 2.76588   0.07680
 2.79451   0.05018
 2.82359   0.02279
 2.85292  -0.00499
 2.88236  -0.03284
 2.91203  -0.06067
 2.94193  -0.08828
 2.97199  -0.11539
 3.00209  -0.14170
 3.03214  -0.16693
 3.06203  -0.19083
 3.09165  -0.21317
 3.12087  -0.23377
 3.14956  -0.25245
 3.17763  -0.26914
 3.20519  -0.28391
 3.23237  -0.29684
 3.26003  -0.30823
 3.28669  -0.31748
 3.31280  -0.32485
 3.33970  -0.33067
 3.36545  -0.33451
 3.39066  -0.33663
 3.41609  -0.33712
 3.44091  -0.33600
 3.46632  -0.33324
 3.49154  -0.32889
 3.51765  -0.32274
 3.54354  -0.31501
 3.57024  -0.30540
 3.59690  -0.29418
 3.62372  -0.28134
 3.65135  -0.26656
 3.67924  -0.25012
 3.70729  -0.23215
 3.73566  -0.21263
 3.76440  -0.19159
 3.79379  -0.16890
 3.82366  -0.14476
 3.85393  -0.11936
 3.88452  -0.09289
 3.91541  -0.06555
 3.94658  -0.03751
 3.97799  -0.00899
 4.00960   0.01977
 4.04139   0.04855
 4.07347   0.07725
 4.10580   0.10562
 4.13825   0.13334
 4.17069   0.16009
 4.20305   0.18564
 4.23533   0.20981
 4.26720   0.23225
 4.29862   0.25282
 4.32967   0.27152
 4.36034   0.28829
 4.39066   0.30312
 4.42063   0.31599
 4.45026   0.32689
 4.47950   0.33582
 4.50838   0.34282
 4.53694   0.34794
 4.56519   0.35122
 4.59323   0.35270
 4.62137   0.35243
 4.64920   0.35043
 4.67717   0.34670
 4.70538   0.34122
 4.73392   0.33396
 4.76302   0.32482
 4.79254   0.31382
 4.82238   0.30100
 4.85257   0.28636
 4.88316   0.26992
 4.91418   0.25169
 4.94556   0.23177
 4.97726   0.21027
 5.00935   0.18722
 5.04190   0.16269
 5.07493   0.13676
 5.10835   0.10963
 5.14210   0.08152
 5.17621   0.05256
 5.21060   0.02302
 5.24522  -0.00688
 5.28001  -0.03688
 5.31513  -0.06691
 5.35060  -0.09677
 5.38636  -0.12620
 5.42232  -0.15488
 5.45838  -0.18255
 5.49436  -0.20887
 5.53026  -0.23369
 5.56584  -0.25669
 5.60113  -0.27779
 5.63605  -0.29688
 5.67059  -0.31389
 5.70473  -0.32879
 5.73859  -0.34160
 5.77197  -0.35227
 5.80512  -0.36088
 5.83793  -0.36742
 5.87036  -0.37193
 5.90257  -0.37446
 5.93464  -0.37508
 5.96645  -0.37380
 5.99830  -0.37067
 6.03051  -0.36563
 6.06313  -0.35867
 6.09624  -0.34972
 6.12962  -0.33886
 6.16342  -0.32603
 6.19778  -0.31120
 6.23246  -0.29450
 6.26768  -0.27586
 6.30330  -0.25541
 6.33948  -0.23313
 6.37606  -0.20920
 6.41314  -0.18367
 6.45070  -0.15667
 6.48868  -0.12838
 6.52706  -0.09897
 6.56583  -0.06861
 6.60495  -0.03754
 6.64438  -0.00598
 6.68407   0.02583
 6.72408   0.05773
 6.76465   0.08968
 6.80575   0.12144
 6.84734   0.15273
 6.88933   0.18325
 6.93160   0.21270
 6.97405   0.24077
 7.01656   0.26721
 7.05894   0.29174
 7.10108   0.31418
 7.14296   0.33442
 7.18456   0.35239
 7.22585   0.36803
 7.26677   0.38131
 7.30735   0.39224
 7.34760   0.40084
 7.38757   0.40715
 7.42730   0.41122
 7.46681   0.41309
 7.50616   0.41281
 7.54545   0.41042
 7.58522   0.40590
 7.62550   0.39921
 7.66628   0.39034
 7.70759   0.37928
 7.74941   0.36605
 7.79180   0.35064
 7.83481   0.33308
 7.87844   0.31339
 7.92263   0.29169
 7.96745   0.26800
 8.01287   0.24244
 8.05891   0.21512
 8.10554   0.18618
 8.15279   0.15575
 8.20063   0.12401
 8.24906   0.09113
 8.29808   0.05730
 8.34771   0.02270
 8.39795  -0.01246
 8.44882  -0.04800
 8.50080  -0.08400
 8.55404  -0.12034
 8.60866  -0.15684
 8.66476  -0.19328
 8.72243  -0.22940
 8.78170  -0.26490
 8.84250  -0.29941
 8.90467  -0.33250
 8.96788  -0.36370
 9.03171  -0.39258
 9.09573  -0.41878
 9.15972  -0.44215
 9.22351  -0.46257
 9.28709  -0.48009
 9.35054  -0.49475
 9.41388  -0.50663
 9.47723  -0.51582
 9.54072  -0.52243
 9.60438  -0.52653
 9.66836  -0.52823
 9.73273  -0.52763
 9.79770  -0.52482
 9.86377  -0.51987
 9.93095  -0.51284
 9.99932  -0.50381
 10.06896  -0.49289
 10.13994  -0.48017
 10.21233  -0.46578
 10.28621  -0.44985
 10.36166  -0.43252
 10.43872  -0.41395
 10.51742  -0.39433
 10.59777  -0.37385
 10.67974  -0.35271
 10.76328  -0.33115
 10.84839  -0.30936
 10.93511  -0.28754
 11.02357  -0.26584
 11.11404  -0.24440
 11.20697  -0.22328
 11.30309  -0.20254
 11.40351  -0.18213
 11.50983  -0.16200
 11.62299  -0.14229
 11.73665  -0.12427
 11.84232  -0.10907
 11.94085  -0.09621
 12.03461  -0.08511
 12.12509  -0.07538
 12.21319  -0.06679
 12.29953  -0.05917
 12.38453  -0.05238
 12.46854  -0.04633
 12.55182  -0.04093
 12.63458  -0.03610
 12.71702  -0.03179
 12.79930  -0.02794
 12.88155  -0.02451
 12.96392  -0.02145
 13.04653  -0.01872
 13.12948  -0.01630
 13.21290  -0.01415
 13.29689  -0.01225
 13.38155  -0.01057
 13.46699  -0.00909
 13.55333  -0.00779
 13.64066  -0.00664
 13.72910  -0.00565
 13.81876  -0.00478
 13.90978  -0.00402
 14.00226  -0.00337
 14.09636  -0.00280
 14.19222  -0.00232
 14.28999  -0.00191
 14.38984  -0.00155
 14.49196  -0.00126
 14.59656  -0.00100
 14.70388  -0.00079
 14.81419  -0.00061
 14.92779  -0.00046
 15.04509  -0.00034
 15.16658  -0.00023
 15.29294  -0.00013
 15.42510  -0.00004
 15.49908   0.00001
