 0.00032   0.00000
 0.00047   0.00000
 0.00069   0.00000
 0.00096   0.00000
 0.00130   0.00000
 0.00169   0.00000
 0.00215   0.00000
 0.00269   0.00000
 0.00330   0.00000
 0.00399   0.00000
 0.00476   0.00000
 0.00562   0.00000
 0.00657   0.00000
 0.00761   0.00000
 0.00874   0.00000
 0.00998   0.00000
 0.01131   0.00000
 0.01275   0.00000
 0.01430   0.00000
 0.01596   0.00000
 0.01773   0.00000
 0.01961   0.00001
 0.02161   0.00001
 0.02373   0.00001
 0.02598   0.00001
 0.02835   0.00002
 0.03085   0.00002
 0.03359   0.00003
 0.03636   0.00003
 0.03927   0.00004
 0.04232   0.00005
 0.04546   0.00006
 0.04880   0.00008
 0.05229   0.00010
 0.05586   0.00012
 0.05964   0.00015
 0.06359   0.00018
 0.06766   0.00021
 0.07193   0.00025
 0.07663   0.00031
 0.08125   0.00036
 0.08627   0.00044
 0.09125   0.00051
 0.09668   0.00061
 0.10204   0.00072
 0.10783   0.00084
 0.11358   0.00098
 0.11938   0.00114
 0.12554   0.00132
 0.13173   0.00152
 0.13859   0.00177
 0.14540   0.00204
 0.15202   0.00232
 0.15988   0.00269
 0.16741   0.00308
 0.17513   0.00352
 0.18251   0.00397
 0.18877   0.00438
 0.19502   0.00481
 0.20236   0.00536
 0.21001   0.00596
 0.21912   0.00674
 0.22866   0.00763
 0.23800   0.00856
 0.24727   0.00955
 0.25634   0.01059
 0.26505   0.01165
 0.27634   0.01312
 0.28654   0.01454
 0.29675   0.01605
 0.30686   0.01765
 0.31680   0.01930
 0.32666   0.02103
 0.33671   0.02289
 0.34709   0.02490
 0.35743   0.02701
 0.36768   0.02921
 0.37818   0.03156
 0.38913   0.03412
 0.39773   0.03622
 0.40633   0.03839
 0.41593   0.04089
 0.42541   0.04345
 0.42911   0.04448
 0.43281   0.04551
 0.43674   0.04663
 0.44984   0.05045
 0.45982   0.05348
 0.46980   0.05660
 0.47844   0.05938
 0.48709   0.06223
 0.49797   0.06592
 0.50954   0.06997
 0.51985   0.07367
 0.53016   0.07747
 0.54183   0.08188
 0.54935   0.08479
 0.55687   0.08775
 0.56872   0.09250
 0.57790   0.09626
 0.58708   0.10009
 0.59816   0.10480
 0.61029   0.11007
 0.62166   0.11510
 0.62948   0.11861
 0.63730   0.12217
 0.64874   0.12744
 0.66017   0.13280
 0.67225   0.13854
 0.68347   0.14395
 0.69381   0.14900
 0.70417   0.15411
 0.71494   0.15948
 0.72687   0.16549
 0.73940   0.17186
 0.75193   0.17829
 0.76446   0.18477
 0.77615   0.19085
 0.78734   0.19671
 0.79853   0.20259
 0.80878   0.20800
 0.81902   0.21342
 0.82883   0.21861
 0.83863   0.22381
 0.85263   0.23123
 0.86570   0.23815
 0.87912   0.24524
 0.89018   0.25108
 0.89941   0.25592
 0.90863   0.26074
 0.92057   0.26696
 0.93161   0.27266
 0.94281   0.27841
 0.95338   0.28379
 0.96412   0.28921
 0.97561   0.29494
 0.98955   0.30181
 0.99958   0.30668
 1.00960   0.31149
 1.02238   0.31753
 1.03433   0.32308
 1.04576   0.32828
 1.05952   0.33441
 1.06957   0.33880
 1.07962   0.34309
 1.09064   0.34770
 1.10074   0.35182
 1.10999   0.35550
 1.12970   0.36307
 1.14844   0.36987
 1.15919   0.37360
 1.16995   0.37720
 1.17934   0.38022
 1.18874   0.38314
 1.20190   0.38705
 1.21382   0.39039
 1.22528   0.39342
 1.23839   0.39667
 1.25237   0.39988
 1.26634   0.40281
 1.27794   0.40502
 1.28953   0.40703
 1.30253   0.40905
 1.31439   0.41066
 1.32648   0.41208
 1.33764   0.41319
 1.34880   0.41409
 1.35912   0.41475
 1.36944   0.41523
 1.38219   0.41559
 1.39494   0.41568
 1.40784   0.41548
 1.42729   0.41466
 1.44293   0.41353
 1.45856   0.41198
 1.48011   0.40915
 1.50043   0.40575
 1.52075   0.40162
 1.53872   0.39738
 1.55668   0.39258
 1.57523   0.38705
 1.59366   0.38096
 1.60920   0.37538
 1.62475   0.36940
 1.63987   0.36320
 1.65498   0.35662
 1.67232   0.34862
 1.68931   0.34033
 1.71329   0.32786
 1.73727   0.31453
 1.76292   0.29934
 1.78630   0.28471
 1.81214   0.26770
 1.83886   0.24923
 1.86868   0.22764
 1.89831   0.20525
 1.92832   0.18170
 1.95902   0.15682
 1.99071   0.13040
 2.02408   0.10192
 2.05791   0.07249
 2.09052   0.04375
 2.12334   0.01460
 2.15601  -0.01449
 2.18838  -0.04324
 2.22101  -0.07200
 2.25392  -0.10065
 2.28711  -0.12900
 2.32002  -0.15646
 2.35318  -0.18332
 2.38759  -0.21018
 2.42024  -0.23458
 2.45333  -0.25812
 2.48562  -0.27980
 2.51790  -0.30012
 2.54922  -0.31844
 2.58056  -0.33531
 2.61292  -0.35113
 2.64461  -0.36498
 2.67631  -0.37714
 2.70546  -0.38679
 2.73464  -0.39493
 2.76283  -0.40135
 2.79103  -0.40632
 2.82271  -0.41015
 2.85038  -0.41198
 2.87805  -0.41239
 2.90520  -0.41141
 2.93211  -0.40911
 2.96117  -0.40515
 2.99023  -0.39967
 3.02018  -0.39247
 3.05035  -0.38365
 3.08121  -0.37306
 3.11371  -0.36023
 3.14555  -0.34606
 3.17739  -0.33038
 3.20921  -0.31329
 3.24185  -0.29435
 3.27653  -0.27277
 3.31019  -0.25050
 3.34441  -0.22666
 3.38007  -0.20063
 3.41491  -0.17418
 3.45052  -0.14626
 3.48587  -0.11779
 3.52138  -0.08859
 3.55693  -0.05891
 3.59238  -0.02901
 3.62785   0.00104
 3.66323   0.03101
 3.69882   0.06101
 3.73493   0.09114
 3.77156   0.12124
 3.80870   0.15112
 3.84627   0.18055
 3.88437   0.20941
 3.92314   0.23763
 3.96219   0.26472
 4.00133   0.29039
 4.04033   0.31437
 4.07895   0.33643
 4.11715   0.35650
 4.15521   0.37468
 4.19408   0.39129
 4.23302   0.40590
 4.27108   0.41814
 4.30793   0.42806
 4.34373   0.43582
 4.38138   0.44200
 4.41718   0.44596
 4.45175   0.44804
 4.48714   0.44838
 4.52099   0.44703
 4.55604   0.44394
 4.59151   0.43908
 4.62791   0.43232
 4.66407   0.42388
 4.70274   0.41300
 4.74118   0.40037
 4.77974   0.38595
 4.81853   0.36975
 4.85786   0.35170
 4.89776   0.33182
 4.93831   0.31010
 4.97936   0.28668
 5.02095   0.26161
 5.06313   0.23494
 5.10592   0.20677
 5.14902   0.17740
 5.19223   0.14710
 5.23583   0.11583
 5.27970   0.08382
 5.32372   0.05131
 5.36798   0.01838
 5.41242  -0.01477
 5.45705  -0.04800
 5.50267  -0.08174
 5.54939  -0.11590
 5.59732  -0.15037
 5.64652  -0.18499
 5.69710  -0.21962
 5.74915  -0.25406
 5.80264  -0.28804
 5.85763  -0.32132
 5.91411  -0.35361
 5.97166  -0.38441
 6.02948  -0.41310
 6.08776  -0.43964
 6.14641  -0.46388
 6.20512  -0.48561
 6.26319  -0.50459
 6.32047  -0.52086
 6.37718  -0.53460
 6.43445  -0.54611
 6.49132  -0.55523
 6.54736  -0.56204
 6.60425  -0.56681
 6.66092  -0.56950
 6.71702  -0.57023
 6.77419  -0.56910
 6.83172  -0.56616
 6.88974  -0.56148
 6.94907  -0.55505
 7.00970  -0.54689
 7.07134  -0.53710
 7.13399  -0.52577
 7.19806  -0.51291
 7.26366  -0.49857
 7.33004  -0.48304
 7.39785  -0.46629
 7.46734  -0.44839
 7.53811  -0.42957
 7.61020  -0.40997
 7.68334  -0.38983
 7.75761  -0.36928
 7.83340  -0.34838
 7.91026  -0.32740
 7.98854  -0.30639
 8.06834  -0.28549
 8.14972  -0.26482
 8.23301  -0.24444
 8.31867  -0.22439
 8.40752  -0.20463
 8.50051  -0.18515
 8.59875  -0.16593
 8.70062  -0.14749
 8.79903  -0.13111
 8.89080  -0.11708
 8.97732  -0.10493
 9.06016  -0.09422
 9.14028  -0.08471
 9.21835  -0.07619
 9.29482  -0.06852
 9.37005  -0.06160
 9.44429  -0.05535
 9.51775  -0.04969
 9.59060  -0.04456
 9.66300  -0.03990
 9.73508  -0.03567
 9.80696  -0.03184
 9.87873  -0.02836
 9.95049  -0.02519
 10.02234  -0.02232
 10.09436  -0.01972
 10.16664  -0.01735
 10.23925  -0.01520
 10.31228  -0.01324
 10.38582  -0.01146
 10.45994  -0.00983
 10.53475  -0.00834
 10.61034  -0.00697
 10.68683  -0.00571
 10.76433  -0.00453
 10.84297  -0.00342
 10.92291  -0.00236
 11.00428  -0.00134
 11.08716  -0.00032
 11.08766  -0.00031
