 0.00032   0.00000
 0.00047   0.00000
 0.00069   0.00000
 0.00096   0.00000
 0.00130   0.00000
 0.00169   0.00000
 0.00215   0.00000
 0.00269   0.00000
 0.00330   0.00000
 0.00399   0.00000
 0.00476   0.00000
 0.00562   0.00000
 0.00657   0.00000
 0.00761   0.00000
 0.00874   0.00000
 0.00998   0.00000
 0.01131   0.00000
 0.01275   0.00000
 0.01430   0.00000
 0.01596   0.00000
 0.01773   0.00000
 0.01961   0.00001
 0.02161   0.00001
 0.02373   0.00001
 0.02598   0.00001
 0.02835   0.00002
 0.03085   0.00002
 0.03359   0.00003
 0.03636   0.00004
 0.03927   0.00005
 0.04233   0.00006
 0.04547   0.00007
 0.04881   0.00009
 0.05229   0.00011
 0.05586   0.00014
 0.05965   0.00017
 0.06360   0.00020
 0.06767   0.00024
 0.07194   0.00029
 0.07664   0.00035
 0.08126   0.00042
 0.08629   0.00050
 0.09127   0.00059
 0.09671   0.00070
 0.10208   0.00082
 0.10788   0.00096
 0.11364   0.00112
 0.11942   0.00130
 0.12559   0.00151
 0.13181   0.00174
 0.13835   0.00201
 0.14488   0.00230
 0.15134   0.00261
 0.15814   0.00297
 0.16564   0.00340
 0.17273   0.00384
 0.18171   0.00446
 0.19319   0.00533
 0.20317   0.00616
 0.21316   0.00708
 0.22347   0.00811
 0.23410   0.00927
 0.24595   0.01068
 0.25594   0.01197
 0.26593   0.01334
 0.27692   0.01497
 0.28756   0.01665
 0.29732   0.01829
 0.30704   0.02002
 0.31669   0.02183
 0.32633   0.02373
 0.33669   0.02587
 0.34777   0.02830
 0.35826   0.03071
 0.36919   0.03334
 0.37768   0.03547
 0.38617   0.03768
 0.39560   0.04022
 0.40826   0.04377
 0.41539   0.04585
 0.41944   0.04705
 0.42349   0.04827
 0.42881   0.04990
 0.44592   0.05534
 0.46302   0.06108
 0.47524   0.06535
 0.48685   0.06955
 0.49662   0.07319
 0.50639   0.07692
 0.51815   0.08152
 0.53028   0.08641
 0.53946   0.09019
 0.54863   0.09404
 0.55990   0.09888
 0.56853   0.10264
 0.57716   0.10647
 0.58849   0.11159
 0.59819   0.11604
 0.60789   0.12057
 0.61995   0.12628
 0.62926   0.13075
 0.63856   0.13528
 0.64824   0.14004
 0.65792   0.14485
 0.67017   0.15101
 0.68045   0.15623
 0.69048   0.16137
 0.70021   0.16640
 0.70966   0.17131
 0.71911   0.17625
 0.72868   0.18128
 0.73825   0.18633
 0.74799   0.19149
 0.75773   0.19667
 0.77001   0.20321
 0.78219   0.20970
 0.79436   0.21619
 0.80598   0.22238
 0.81846   0.22902
 0.82871   0.23444
 0.83895   0.23985
 0.84896   0.24511
 0.85898   0.25034
 0.86889   0.25549
 0.87881   0.26059
 0.88886   0.26573
 0.89892   0.27082
 0.90876   0.27574
 0.91861   0.28062
 0.92882   0.28561
 0.93903   0.29053
 0.95183   0.29660
 0.96356   0.30205
 0.97487   0.30720
 0.98742   0.31278
 0.99860   0.31763
 1.00978   0.32236
 1.01950   0.32636
 1.02922   0.33027
 1.04050   0.33467
 1.04932   0.33802
 1.05814   0.34127
 1.07224   0.34627
 1.08620   0.35097
 1.10011   0.35540
 1.11187   0.35894
 1.12364   0.36228
 1.13470   0.36524
 1.14662   0.36823
 1.15751   0.37077
 1.16840   0.37312
 1.17869   0.37517
 1.18899   0.37705
 1.19878   0.37868
 1.20857   0.38014
 1.22262   0.38196
 1.23615   0.38339
 1.24894   0.38444
 1.26004   0.38512
 1.26946   0.38552
 1.27887   0.38576
 1.28909   0.38584
 1.29930   0.38572
 1.31173   0.38531
 1.32327   0.38467
 1.33461   0.38380
 1.34723   0.38254
 1.36600   0.38010
 1.38294   0.37732
 1.41503   0.37054
 1.43598   0.36504
 1.45524   0.35924
 1.47359   0.35306
 1.48900   0.34739
 1.50441   0.34127
 1.52081   0.33427
 1.53745   0.32668
 1.55753   0.31686
 1.57952   0.30531
 1.60432   0.29131
 1.63113   0.27505
 1.66044   0.25601
 1.68974   0.23574
 1.71796   0.21514
 1.74531   0.19425
 1.77227   0.17283
 1.80289   0.14764
 1.83521   0.12020
 1.86668   0.09277
 1.89684   0.06599
 1.92732   0.03857
 1.95800   0.01076
 1.98865  -0.01709
 2.01918  -0.04472
 2.04986  -0.07225
 2.08065  -0.09948
 2.11165  -0.12634
 2.14302  -0.15279
 2.17478  -0.17868
 2.20649  -0.20347
 2.23623  -0.22564
 2.26535  -0.24622
 2.29493  -0.26587
 2.32544  -0.28472
 2.35483  -0.30141
 2.38486  -0.31691
 2.41470  -0.33066
 2.44451  -0.34269
 2.47446  -0.35300
 2.50415  -0.36142
 2.53432  -0.36809
 2.56350  -0.37270
 2.59003  -0.37531
 2.61603  -0.37640
 2.64043  -0.37610
 2.66670  -0.37435
 2.69161  -0.37133
 2.72198  -0.36587
 2.75072  -0.35895
 2.77861  -0.35062
 2.80579  -0.34103
 2.83263  -0.33017
 2.86195  -0.31678
 2.89127  -0.30187
 2.92147  -0.28500
 2.95206  -0.26645
 2.98330  -0.24608
 3.01534  -0.22381
 3.04634  -0.20106
 3.07708  -0.17745
 3.10822  -0.15261
 3.13973  -0.12666
 3.17153  -0.09978
 3.20362  -0.07210
 3.23581  -0.04394
 3.26783  -0.01568
 3.29982   0.01263
 3.33174   0.04082
 3.36398   0.06906
 3.39657   0.09723
 3.42945   0.12510
 3.46260   0.15249
 3.49614   0.17932
 3.52963   0.20509
 3.56312   0.22966
 3.59719   0.25333
 3.63032   0.27491
 3.66341   0.29497
 3.69726   0.31380
 3.72946   0.33006
 3.76139   0.34451
 3.79354   0.35731
 3.82618   0.36846
 3.85693   0.37722
 3.88710   0.38413
 3.91691   0.38931
 3.94634   0.39280
 3.97538   0.39465
 4.00430   0.39493
 4.03364   0.39363
 4.06378   0.39063
 4.09425   0.38592
 4.12486   0.37952
 4.15558   0.37145
 4.18638   0.36174
 4.21740   0.35039
 4.24896   0.33727
 4.28107   0.32238
 4.31397   0.30558
 4.34772   0.28682
 4.38118   0.26681
 4.41534   0.24502
 4.44991   0.22171
 4.48465   0.19714
 4.51996   0.17112
 4.55532   0.14415
 4.59100   0.11617
 4.62679   0.08748
 4.66268   0.05825
 4.69867   0.02862
 4.73467  -0.00116
 4.77068  -0.03095
 4.80696  -0.06080
 4.84375  -0.09074
 4.88107  -0.12062
 4.91889  -0.15023
 4.95717  -0.17935
 4.99589  -0.20777
 5.03501  -0.23529
 5.07446  -0.26167
 5.11412  -0.28666
 5.15381  -0.31000
 5.19336  -0.33149
 5.23267  -0.35098
 5.27160  -0.36839
 5.31006  -0.38363
 5.34794  -0.39671
 5.38536  -0.40770
 5.42285  -0.41673
 5.46000  -0.42373
 5.49638  -0.42868
 5.53251  -0.43174
 5.56861  -0.43294
 5.60394  -0.43233
 5.63997  -0.42993
 5.67589  -0.42577
 5.71259  -0.41973
 5.75002  -0.41176
 5.78769  -0.40195
 5.82588  -0.39024
 5.86495  -0.37649
 5.90474  -0.36073
 5.94513  -0.34304
 5.98602  -0.32348
 6.02738  -0.30213
 6.06915  -0.27910
 6.11139  -0.25445
 6.15418  -0.22821
 6.19750  -0.20051
 6.24114  -0.17161
 6.28515  -0.14160
 6.32956  -0.11062
 6.37422  -0.07890
 6.41922  -0.04656
 6.46449  -0.01379
 6.51006   0.01926
 6.55597   0.05247
 6.60294   0.08618
 6.65105   0.12027
 6.70039   0.15460
 6.75106   0.18902
 6.80315   0.22335
 6.85674   0.25738
 6.91188   0.29088
 6.96840   0.32344
 7.02624   0.35477
 7.08513   0.38447
 7.14448   0.41204
 7.20390   0.43719
 7.26311   0.45976
 7.32198   0.47969
 7.38041   0.49699
 7.43859   0.51177
 7.49668   0.52413
 7.55481   0.53413
 7.61272   0.54181
 7.67042   0.54726
 7.72813   0.55060
 7.78615   0.55193
 7.84449   0.55132
 7.90316   0.54885
 7.96278   0.54455
 8.02344   0.53847
 8.08526   0.53064
 8.14834   0.52111
 8.21258   0.50997
 8.27785   0.49735
 8.34460   0.48325
 8.41250   0.46786
 8.48169   0.45128
 8.55227   0.43362
 8.62422   0.41504
 8.69752   0.39569
 8.77230   0.37569
 8.84835   0.35528
 8.92578   0.33458
 9.00445   0.31378
 9.08453   0.29301
 9.16613   0.27239
 9.24949   0.25200
 9.33502   0.23190
 9.42323   0.21212
 9.51502   0.19264
 9.61156   0.17340
 9.71367   0.15450
 9.81766   0.13678
 9.91604   0.12141
 10.00781   0.10828
 10.09480   0.09686
 10.17843   0.08679
 10.25958   0.07784
 10.33885   0.06982
 10.41665   0.06262
 10.49331   0.05614
 10.56908   0.05029
 10.64417   0.04501
 10.71873   0.04024
 10.79293   0.03592
 10.86688   0.03202
 10.94071   0.02849
 11.01451   0.02531
 11.08839   0.02243
 11.16243   0.01983
 11.23672   0.01749
 11.31136   0.01538
 11.38641   0.01348
 11.46196   0.01177
 11.53809   0.01023
 11.61490   0.00885
 11.69247   0.00760
 11.77089   0.00648
 11.85027   0.00547
 11.93071   0.00455
 12.01235   0.00372
 12.09534   0.00295
 12.17983   0.00225
 12.26603   0.00158
 12.35416   0.00095
 12.44445   0.00032
 12.52905  -0.00025
