 0.00010   0.00015
 0.00019   0.00028
 0.00022   0.00034
 0.00026   0.00040
 0.00036   0.00054
 0.00045   0.00069
 0.00057   0.00086
 0.00066   0.00100
 0.00076   0.00114
 0.00087   0.00132
 0.00099   0.00150
 0.00113   0.00171
 0.00130   0.00196
 0.00196   0.00295
 0.00208   0.00313
 0.00220   0.00331
 0.00263   0.00397
 0.00307   0.00463
 0.00350   0.00526
 0.00380   0.00572
 0.00397   0.00598
 0.00414   0.00624
 0.00434   0.00654
 0.00482   0.00725
 0.00529   0.00796
 0.00575   0.00865
 0.00630   0.00947
 0.00684   0.01028
 0.00732   0.01100
 0.00776   0.01165
 0.00837   0.01257
 0.00898   0.01348
 0.00990   0.01485
 0.01023   0.01535
 0.01054   0.01580
 0.01360   0.02036
 0.01565   0.02339
 0.01769   0.02641
 0.01970   0.02937
 0.02000   0.02981
 0.02031   0.03026
 0.02333   0.03469
 0.02579   0.03828
 0.02825   0.04186
 0.02965   0.04389
 0.03053   0.04516
 0.03141   0.04643
 0.03426   0.05054
 0.03711   0.05463
 0.03850   0.05662
 0.03989   0.05860
 0.04117   0.06042
 0.04233   0.06206
 0.04558   0.06666
 0.04883   0.07124
 0.05001   0.07289
 0.05114   0.07447
 0.05432   0.07890
 0.05751   0.08331
 0.05978   0.08644
 0.06122   0.08841
 0.06252   0.09019
 0.06685   0.09608
 0.06880   0.09872
 0.06966   0.09988
 0.07051   0.10103
 0.07177   0.10272
 0.07589   0.10822
 0.08000   0.11368
 0.08438   0.11942
 0.08722   0.12312
 0.08917   0.12565
 0.09112   0.12816
 0.09437   0.13233
 0.09973   0.13913
 0.10263   0.14278
 0.10530   0.14611
 0.10814   0.14963
 0.11003   0.15197
 0.11184   0.15419
 0.11549   0.15865
 0.11914   0.16306
 0.12140   0.16577
 0.12366   0.16847
 0.12809   0.17370
 0.13252   0.17888
 0.13752   0.18464
 0.13955   0.18695
 0.14157   0.18925
 0.14362   0.19156
 0.14987   0.19853
 0.15612   0.20538
 0.16003   0.20959
 0.16372   0.21352
 0.16801   0.21804
 0.17230   0.22249
 0.17633   0.22661
 0.17871   0.22902
 0.18109   0.23141
 0.18344   0.23375
 0.18751   0.23777
 0.19052   0.24069
 0.19352   0.24359
 0.19928   0.24904
 0.20357   0.25305
 0.20745   0.25660
 0.21307   0.26166
 0.21847   0.26641
 0.22243   0.26983
 0.22639   0.27320
 0.23072   0.27682
 0.23505   0.28037
 0.23854   0.28318
 0.24202   0.28595
 0.24899   0.29135
 0.25361   0.29484
 0.25778   0.29791
 0.26304   0.30171
 0.26830   0.30541
 0.27289   0.30856
 0.27749   0.31163
 0.28347   0.31551
 0.28946   0.31927
 0.29963   0.32535
 0.30900   0.33063
 0.31531   0.33401
 0.31950   0.33616
 0.32368   0.33826
 0.32850   0.34059
 0.33368   0.34300
 0.33834   0.34509
 0.34350   0.34731
 0.34835   0.34931
 0.35333   0.35128
 0.35823   0.35313
 0.36340   0.35498
 0.36856   0.35674
 0.39031   0.36310
 0.39995   0.36538
 0.40959   0.36733
 0.41672   0.36857
 0.42068   0.36918
 0.42442   0.36970
 0.42850   0.37022
 0.43190   0.37061
 0.43531   0.37096
 0.44730   0.37187
 0.45462   0.37219
 0.46003   0.37231
 0.46544   0.37233
 0.47611   0.37208
 0.48678   0.37146
 0.49538   0.37069
 0.50095   0.37006
 0.50652   0.36933
 0.51460   0.36810
 0.52121   0.36694
 0.52740   0.36573
 0.53720   0.36357
 0.54609   0.36136
 0.55463   0.35901
 0.56515   0.35581
 0.57523   0.35244
 0.58605   0.34850
 0.59640   0.34442
 0.60675   0.34005
 0.61777   0.33506
 0.62831   0.32999
 0.63945   0.32433
 0.65196   0.31758
 0.65955   0.31331
 0.66714   0.30889
 0.67966   0.30130
 0.69019   0.29464
 0.69946   0.28857
 0.70874   0.28231
 0.71840   0.27559
 0.72806   0.26869
 0.73875   0.26083
 0.74943   0.25275
 0.75998   0.24457
 0.77053   0.23620
 0.78152   0.22726
 0.79276   0.21793
 0.80411   0.20830
 0.81678   0.19732
 0.83571   0.18050
 0.85388   0.16393
 0.87137   0.14764
 0.88714   0.13267
 0.90692   0.11358
 0.92909   0.09183
 0.95547   0.06556
 0.98079   0.04006
 1.01355   0.00683
 1.04633  -0.02647
 1.07935  -0.05982
 1.11148  -0.09189
 1.13937  -0.11925
 1.16726  -0.14604
 1.19374  -0.17084
 1.21987  -0.19460
 1.24839  -0.21962
 1.27473  -0.24180
 1.30171  -0.26348
 1.32725  -0.28298
 1.35197  -0.30084
 1.37434  -0.31608
 1.39645  -0.33028
 1.41954  -0.34412
 1.44176  -0.35646
 1.46258  -0.36714
 1.48162  -0.37613
 1.49957  -0.38392
 1.52169  -0.39258
 1.54281  -0.39988
 1.56308  -0.40597
 1.58555  -0.41167
 1.60804  -0.41626
 1.63215  -0.41994
 1.65405  -0.42216
 1.67773  -0.42337
 1.70218  -0.42331
 1.72467  -0.42211
 1.74656  -0.41987
 1.77032  -0.41629
 1.80107  -0.40987
 1.83044  -0.40192
 1.85981  -0.39223
 1.88875  -0.38104
 1.91720  -0.36851
 1.94499  -0.35486
 1.97508  -0.33858
 2.00832  -0.31889
 2.03919  -0.29910
 2.07095  -0.27732
 2.10684  -0.25115
 2.14039  -0.22532
 2.17551  -0.19703
 2.21290  -0.16570
 2.25141  -0.13233
 2.28901  -0.09891
 2.32637  -0.06508
 2.36470  -0.02997
 2.40356   0.00582
 2.44252   0.04166
 2.48190   0.07763
 2.52189   0.11362
 2.56242   0.14934
 2.60352   0.18453
 2.64530   0.21901
 2.68771   0.25243
 2.72876   0.28308
 2.76885   0.31121
 2.80849   0.33712
 2.84765   0.36073
 2.88658   0.38214
 2.92705   0.40209
 2.96678   0.41932
 3.00645   0.43410
 3.04642   0.44651
 3.08622   0.45635
 3.12608   0.46366
 3.16595   0.46840
 3.20582   0.47060
 3.24570   0.47026
 3.28568   0.46741
 3.32616   0.46202
 3.36638   0.45422
 3.40677   0.44401
 3.44721   0.43150
 3.48772   0.41675
 3.52831   0.39986
 3.56922   0.38081
 3.61093   0.35943
 3.65396   0.33544
 3.69923   0.30825
 3.74309   0.28020
 3.78891   0.24927
 3.83429   0.21723
 3.88138   0.18269
 3.92840   0.14713
 3.97600   0.11027
 4.02449   0.07205
 4.07352   0.03299
 4.12307  -0.00669
 4.17321  -0.04680
 4.22433  -0.08741
 4.27667  -0.12844
 4.33034  -0.16970
 4.38549  -0.21098
 4.44224  -0.25204
 4.50041  -0.29238
 4.56001  -0.33166
 4.62094  -0.36945
 4.68278  -0.40517
 4.74518  -0.43836
 4.80897  -0.46922
 4.87256  -0.49678
 4.93480  -0.52062
 4.99804  -0.54165
 5.06161  -0.55954
 5.12357  -0.57391
 5.18583  -0.58534
 5.24937  -0.59400
 5.31223  -0.59969
 5.37447  -0.60262
 5.43803  -0.60300
 5.50265  -0.60082
 5.56674  -0.59630
 5.63377  -0.58924
 5.70036  -0.58007
 5.76850  -0.56870
 5.83872  -0.55511
 5.91027  -0.53956
 5.98280  -0.52229
 6.05650  -0.50346
 6.13216  -0.48306
 6.20927  -0.46141
 6.28843  -0.43856
 6.36922  -0.41485
 6.45159  -0.39052
 6.53521  -0.36591
 6.62018  -0.34122
 6.70715  -0.31647
 6.79555  -0.29204
 6.88625  -0.26790
 6.97966  -0.24415
 7.07673  -0.22078
 7.17867  -0.19776
 7.28715  -0.17505
 7.40105  -0.15319
 7.51074  -0.13404
 7.61222  -0.11796
 7.70768  -0.10421
 7.79917  -0.09222
 7.88782  -0.08165
 7.97441  -0.07228
 8.05943  -0.06393
 8.14326  -0.05646
 8.22623  -0.04978
 8.30857  -0.04377
 8.39048  -0.03838
 8.47215  -0.03353
 8.55373  -0.02916
 8.63537  -0.02521
 8.71721  -0.02164
 8.79937  -0.01841
 8.88200  -0.01547
 8.96522  -0.01278
 9.04918  -0.01031
 9.13404  -0.00801
 9.21994  -0.00584
 9.30705  -0.00377
 9.39549  -0.00176
 9.48532   0.00024
 9.50588   0.00069
