 0.00018   0.00000
 0.00023   0.00000
 0.00028   0.00000
 0.00034   0.00000
 0.00041   0.00000
 0.00049   0.00000
 0.00059   0.00000
 0.00069   0.00000
 0.00082   0.00000
 0.00096   0.00000
 0.00112   0.00000
 0.00131   0.00000
 0.00151   0.00000
 0.00175   0.00000
 0.00201   0.00000
 0.00229   0.00000
 0.00262   0.00001
 0.00298   0.00001
 0.00339   0.00001
 0.00383   0.00001
 0.00432   0.00002
 0.00486   0.00002
 0.00546   0.00003
 0.00611   0.00003
 0.00682   0.00004
 0.00761   0.00005
 0.00845   0.00007
 0.00940   0.00008
 0.01046   0.00010
 0.01173   0.00013
 0.01295   0.00016
 0.01428   0.00019
 0.01571   0.00023
 0.01726   0.00028
 0.01894   0.00033
 0.02023   0.00038
 0.02152   0.00043
 0.02354   0.00051
 0.02571   0.00061
 0.02804   0.00073
 0.02982   0.00082
 0.03160   0.00093
 0.03369   0.00105
 0.03663   0.00124
 0.03977   0.00146
 0.04313   0.00172
 0.04632   0.00198
 0.04897   0.00221
 0.05161   0.00245
 0.05479   0.00276
 0.05925   0.00322
 0.06280   0.00361
 0.06606   0.00399
 0.06945   0.00441
 0.07284   0.00484
 0.07632   0.00531
 0.07907   0.00569
 0.08182   0.00608
 0.08485   0.00654
 0.08889   0.00716
 0.09292   0.00781
 0.09660   0.00843
 0.10411   0.00976
 0.10880   0.01064
 0.11348   0.01155
 0.11776   0.01241
 0.12338   0.01359
 0.12900   0.01482
 0.13534   0.01627
 0.13936   0.01721
 0.14337   0.01818
 0.14789   0.01931
 0.15355   0.02076
 0.15921   0.02226
 0.16677   0.02434
 0.17416   0.02645
 0.17907   0.02789
 0.18397   0.02937
 0.18920   0.03098
 0.19802   0.03379
 0.20436   0.03587
 0.20949   0.03760
 0.21463   0.03937
 0.21954   0.04108
 0.22444   0.04283
 0.22873   0.04438
 0.23301   0.04596
 0.23768   0.04770
 0.24449   0.05030
 0.25012   0.05248
 0.25572   0.05470
 0.26630   0.05898
 0.27560   0.06286
 0.28490   0.06683
 0.29089   0.06944
 0.29635   0.07185
 0.30564   0.07603
 0.31493   0.08031
 0.31947   0.08242
 0.32400   0.08456
 0.32952   0.08719
 0.33504   0.08985
 0.34025   0.09239
 0.34515   0.09480
 0.35526   0.09985
 0.36520   0.10490
 0.37522   0.11008
 0.38525   0.11536
 0.39547   0.12081
 0.40636   0.12672
 0.41440   0.13114
 0.41946   0.13395
 0.42451   0.13677
 0.43003   0.13987
 0.43562   0.14304
 0.44502   0.14841
 0.45443   0.15383
 0.45970   0.15690
 0.46496   0.15999
 0.47380   0.16520
 0.47944   0.16855
 0.48509   0.17192
 0.49346   0.17695
 0.50149   0.18181
 0.50896   0.18635
 0.51940   0.19276
 0.52985   0.19922
 0.53971   0.20536
 0.54958   0.21154
 0.55790   0.21678
 0.56622   0.22205
 0.57535   0.22785
 0.58484   0.23391
 0.59433   0.24000
 0.60399   0.24622
 0.61323   0.25219
 0.61977   0.25643
 0.62631   0.26068
 0.63838   0.26853
 0.64988   0.27603
 0.65956   0.28237
 0.66925   0.28871
 0.68033   0.29598
 0.69038   0.30257
 0.69975   0.30873
 0.70953   0.31515
 0.71931   0.32158
 0.72835   0.32751
 0.73738   0.33344
 0.74837   0.34064
 0.76014   0.34835
 0.77189   0.35602
 0.77950   0.36098
 0.78711   0.36593
 0.79951   0.37397
 0.80922   0.38025
 0.81893   0.38651
 0.82985   0.39353
 0.83900   0.39938
 0.84815   0.40522
 0.85798   0.41146
 0.86781   0.41767
 0.87966   0.42512
 0.88914   0.43104
 0.89861   0.43693
 0.91239   0.44544
 0.92987   0.45613
 0.95410   0.47074
 0.96669   0.47822
 0.97927   0.48564
 0.99061   0.49225
 0.99929   0.49728
 1.00798   0.50226
 1.01738   0.50762
 1.02678   0.51292
 1.03751   0.51892
 1.04902   0.52529
 1.06001   0.53130
 1.06891   0.53612
 1.07780   0.54089
 1.09026   0.54749
 1.10204   0.55365
 1.11572   0.56069
 1.12871   0.56727
 1.14033   0.57306
 1.15167   0.57864
 1.16274   0.58400
 1.17282   0.58881
 1.18256   0.59339
 1.19205   0.59779
 1.20115   0.60196
 1.20970   0.60582
 1.22823   0.61402
 1.24261   0.62021
 1.25698   0.62625
 1.27264   0.63266
 1.28712   0.63844
 1.29778   0.64259
 1.30843   0.64666
 1.32194   0.65169
 1.33411   0.65611
 1.34611   0.66036
 1.35758   0.66432
 1.36906   0.66818
 1.38184   0.67236
 1.39399   0.67622
 1.40613   0.67996
 1.41766   0.68341
 1.42919   0.68676
 1.44395   0.69090
 1.45741   0.69453
 1.47786   0.69977
 1.49690   0.70436
 1.51269   0.70795
 1.52848   0.71135
 1.54965   0.71561
 1.56752   0.71894
 1.58532   0.72201
 1.59780   0.72401
 1.61028   0.72590
 1.62400   0.72785
 1.63756   0.72963
 1.66043   0.73232
 1.69049   0.73526
 1.70776   0.73665
 1.72503   0.73783
 1.73822   0.73858
 1.74985   0.73914
 1.76148   0.73961
 1.77317   0.73998
 1.78581   0.74028
 1.79905   0.74047
 1.81229   0.74054
 1.83021   0.74044
 1.84814   0.74013
 1.86825   0.73953
 1.88984   0.73860
 1.91441   0.73717
 1.93910   0.73537
 1.95899   0.73364
 1.97888   0.73168
 1.99812   0.72956
 2.01736   0.72723
 2.03932   0.72433
 2.05898   0.72150
 2.07863   0.71848
 2.09940   0.71506
 2.12017   0.71144
 2.14616   0.70660
 2.17079   0.70173
 2.20070   0.69545
 2.24642   0.68511
 2.28002   0.67699
 2.30929   0.66957
 2.33856   0.66185
 2.36934   0.65343
 2.40196   0.64420
 2.43576   0.63431
 2.48065   0.62072
 2.52222   0.60773
 2.57780   0.58982
 2.63828   0.56975
 2.70983   0.54541
 2.78019   0.52104
 2.85055   0.49643
 2.92406   0.47064
 2.99038   0.44746
 3.06081   0.42307
 3.13709   0.39707
 3.22369   0.36825
 3.30646   0.34155
 3.38551   0.31694
 3.46664   0.29269
 3.55324   0.26801
 3.64783   0.24254
 3.74562   0.21791
 3.84972   0.19363
 3.95358   0.17137
 4.04805   0.15281
 4.13832   0.13653
 4.22430   0.12230
 4.30669   0.10978
 4.38716   0.09857
 4.46538   0.08857
 4.54265   0.07953
 4.61850   0.07141
 4.69296   0.06413
 4.76738   0.05749
 4.84098   0.05151
 4.91439   0.04608
 4.98777   0.04116
 5.06065   0.03672
 5.13368   0.03271
 5.20686   0.02907
 5.28006   0.02580
 5.35352   0.02284
 5.42735   0.02018
 5.50148   0.01778
 5.57612   0.01563
 5.65130   0.01370
 5.72709   0.01197
 5.80355   0.01042
 5.88081   0.00904
 5.95891   0.00781
 6.03793   0.00671
 6.11798   0.00574
 6.19916   0.00487
 6.28158   0.00410
 6.36535   0.00341
 6.45061   0.00279
 6.53750   0.00224
 6.62623   0.00175
 6.71700   0.00129
 6.81010   0.00086
 6.90586   0.00046
 7.00465   0.00005
 7.10667  -0.00036
 7.11509  -0.00039
