 0.00010   0.00014
 0.00017   0.00024
 0.00024   0.00035
 0.00029   0.00041
 0.00034   0.00048
 0.00039   0.00056
 0.00046   0.00066
 0.00054   0.00077
 0.00061   0.00088
 0.00069   0.00098
 0.00079   0.00112
 0.00088   0.00126
 0.00097   0.00138
 0.00105   0.00150
 0.00116   0.00167
 0.00150   0.00215
 0.00184   0.00264
 0.00194   0.00278
 0.00201   0.00287
 0.00208   0.00297
 0.00275   0.00393
 0.00296   0.00423
 0.00317   0.00452
 0.00336   0.00480
 0.00372   0.00531
 0.00395   0.00564
 0.00417   0.00596
 0.00439   0.00627
 0.00486   0.00694
 0.00522   0.00745
 0.00558   0.00796
 0.00592   0.00844
 0.00626   0.00892
 0.00658   0.00938
 0.00696   0.00993
 0.00734   0.01047
 0.00780   0.01111
 0.00833   0.01187
 0.00887   0.01263
 0.00952   0.01355
 0.00989   0.01407
 0.01021   0.01453
 0.01054   0.01499
 0.01381   0.01960
 0.01543   0.02189
 0.01706   0.02417
 0.01978   0.02796
 0.02028   0.02866
 0.02078   0.02936
 0.02580   0.03632
 0.02990   0.04196
 0.03068   0.04303
 0.03139   0.04400
 0.03852   0.05369
 0.03953   0.05506
 0.04054   0.05642
 0.04150   0.05772
 0.04395   0.06099
 0.04639   0.06426
 0.04975   0.06872
 0.05062   0.06988
 0.05142   0.07093
 0.05939   0.08136
 0.06079   0.08318
 0.06219   0.08499
 0.06679   0.09090
 0.06887   0.09354
 0.06988   0.09484
 0.07090   0.09613
 0.07210   0.09764
 0.07607   0.10263
 0.07880   0.10604
 0.08152   0.10942
 0.08418   0.11269
 0.08904   0.11863
 0.09119   0.12123
 0.09333   0.12381
 0.09820   0.12962
 0.09976   0.13147
 0.10133   0.13332
 0.10300   0.13528
 0.10751   0.14053
 0.10911   0.14238
 0.11072   0.14422
 0.11223   0.14595
 0.11859   0.15314
 0.12175   0.15667
 0.12491   0.16016
 0.12853   0.16412
 0.13215   0.16804
 0.13620   0.17237
 0.14003   0.17641
 0.14352   0.18005
 0.14916   0.18584
 0.15156   0.18827
 0.15395   0.19067
 0.15740   0.19410
 0.15970   0.19636
 0.16199   0.19859
 0.16455   0.20107
 0.18335   0.21852
 0.18803   0.22266
 0.19271   0.22672
 0.19729   0.23061
 0.19981   0.23272
 0.20233   0.23481
 0.20563   0.23750
 0.20844   0.23975
 0.21124   0.24198
 0.21390   0.24406
 0.21795   0.24719
 0.22201   0.25024
 0.22573   0.25300
 0.22906   0.25542
 0.23239   0.25779
 0.23554   0.25999
 0.23884   0.26227
 0.24214   0.26449
 0.24565   0.26682
 0.24925   0.26915
 0.25285   0.27143
 0.25646   0.27366
 0.26500   0.27874
 0.26838   0.28068
 0.27177   0.28257
 0.27568   0.28469
 0.27995   0.28695
 0.28423   0.28912
 0.28874   0.29135
 0.29325   0.29349
 0.29736   0.29537
 0.30373   0.29815
 0.30925   0.30043
 0.31478   0.30258
 0.31878   0.30407
 0.32279   0.30549
 0.32672   0.30683
 0.33407   0.30916
 0.33888   0.31057
 0.34369   0.31188
 0.34837   0.31307
 0.35334   0.31425
 0.35818   0.31529
 0.36364   0.31636
 0.36887   0.31727
 0.37679   0.31845
 0.38396   0.31931
 0.38917   0.31980
 0.39438   0.32020
 0.39995   0.32050
 0.40577   0.32069
 0.40965   0.32074
 0.41354   0.32074
 0.41886   0.32064
 0.42219   0.32052
 0.42537   0.32037
 0.42997   0.32009
 0.43457   0.31973
 0.43963   0.31924
 0.44468   0.31865
 0.44998   0.31794
 0.45527   0.31713
 0.46650   0.31507
 0.47570   0.31305
 0.48490   0.31072
 0.49476   0.30791
 0.50029   0.30619
 0.50548   0.30448
 0.51849   0.29979
 0.52822   0.29592
 0.53795   0.29175
 0.54807   0.28709
 0.55840   0.28202
 0.56921   0.27637
 0.57753   0.27178
 0.58585   0.26700
 0.59493   0.26156
 0.60737   0.25374
 0.61755   0.24704
 0.62773   0.24007
 0.63919   0.23193
 0.65224   0.22227
 0.66855   0.20967
 0.67875   0.20150
 0.68895   0.19312
 0.70200   0.18211
 0.71504   0.17080
 0.72858   0.15876
 0.74716   0.14178
 0.76524   0.12479
 0.78278   0.10794
 0.79960   0.09148
 0.81643   0.07477
 0.83620   0.05487
 0.85898   0.03172
 0.88553   0.00454
 0.91264  -0.02325
 0.93947  -0.05059
 0.96763  -0.07893
 0.99455  -0.10550
 1.01745  -0.12758
 1.04036  -0.14908
 1.06130  -0.16812
 1.07952  -0.18418
 1.09775  -0.19971
 1.11809  -0.21637
 1.13954  -0.23310
 1.15816  -0.24689
 1.17678  -0.25995
 1.19620  -0.27275
 1.21566  -0.28472
 1.23482  -0.29563
 1.25342  -0.30535
 1.27482  -0.31545
 1.29428  -0.32360
 1.31271  -0.33040
 1.33080  -0.33617
 1.34973  -0.34126
 1.37140  -0.34587
 1.38927  -0.34868
 1.40714  -0.35060
 1.42594  -0.35165
 1.44461  -0.35172
 1.46271  -0.35085
 1.48163  -0.34897
 1.49922  -0.34635
 1.52133  -0.34185
 1.54314  -0.33614
 1.56495  -0.32918
 1.58614  -0.32126
 1.60812  -0.31187
 1.63151  -0.30061
 1.66196  -0.28407
 1.69320  -0.26502
 1.71939  -0.24754
 1.74559  -0.22878
 1.77075  -0.20965
 1.80062  -0.18567
 1.82969  -0.16116
 1.85835  -0.13600
 1.88718  -0.10988
 1.91639  -0.08273
 1.94614  -0.05455
 1.97649  -0.02545
 2.00737   0.00434
 2.03859   0.03442
 2.07011   0.06454
 2.10187   0.09444
 2.13394   0.12395
 2.16636   0.15289
 2.19781   0.17989
 2.22890   0.20538
 2.25976   0.22934
 2.29037   0.25163
 2.32102   0.27235
 2.35205   0.29157
 2.38396   0.30937
 2.41243   0.32349
 2.44091   0.33586
 2.47066   0.34687
 2.49962   0.35564
 2.52748   0.36225
 2.55453   0.36692
 2.58246   0.36991
 2.61317   0.37106
 2.64312   0.37002
 2.67325   0.36684
 2.70367   0.36149
 2.73381   0.35412
 2.76400   0.34470
 2.79420   0.33333
 2.82446   0.32005
 2.85476   0.30493
 2.88512   0.28807
 2.91556   0.26954
 2.94608   0.24943
 2.97671   0.22785
 3.00788   0.20457
 3.03965   0.17963
 3.07201   0.15311
 3.10528   0.12488
 3.13872   0.09568
 3.17234   0.06569
 3.20647   0.03482
 3.24073   0.00359
 3.27522  -0.02787
 3.30994  -0.05936
 3.34506  -0.09079
 3.38050  -0.12188
 3.41614  -0.15228
 3.45192  -0.18173
 3.48781  -0.20999
 3.52327  -0.23647
 3.55918  -0.26165
 3.59410  -0.28440
 3.62962  -0.30564
 3.66380  -0.32417
 3.69878  -0.34106
 3.73215  -0.35516
 3.76591  -0.36733
 3.79880  -0.37712
 3.83112  -0.38472
 3.86361  -0.39030
 3.89666  -0.39384
 3.92807  -0.39522
 3.95930  -0.39467
 3.99057  -0.39221
 4.02243  -0.38778
 4.05523  -0.38121
 4.08797  -0.37268
 4.12069  -0.36223
 4.15411  -0.34966
 4.18851  -0.33479
 4.22259  -0.31823
 4.25770  -0.29936
 4.29271  -0.27885
 4.32870  -0.25614
 4.36474  -0.23189
 4.40163  -0.20566
 4.43881  -0.17795
 4.47631  -0.14891
 4.51433  -0.11852
 4.55284  -0.08699
 4.59165  -0.05465
 4.63074  -0.02172
 4.67010   0.01159
 4.70971   0.04502
 4.74982   0.07857
 4.79046   0.11205
 4.83162   0.14518
 4.87322   0.17767
 4.91522   0.20923
 4.95750   0.23954
 4.99976   0.26816
 5.04190   0.29488
 5.08402   0.31960
 5.12608   0.34217
 5.16774   0.36230
 5.20884   0.37991
 5.24952   0.39505
 5.28988   0.40776
 5.32993   0.41805
 5.36969   0.42595
 5.40918   0.43149
 5.44843   0.43473
 5.48746   0.43571
 5.52637   0.43448
 5.56565   0.43105
 5.60554   0.42535
 5.64595   0.41737
 5.68682   0.40710
 5.72813   0.39456
 5.76986   0.37980
 5.81219   0.36276
 5.85528   0.34343
 5.89909   0.32185
 5.94322   0.29829
 5.98816   0.27260
 6.03358   0.24507
 6.07972   0.21567
 6.12634   0.18470
 6.17364   0.15218
 6.22153   0.11835
 6.26997   0.08343
 6.31899   0.04759
 6.36861   0.01101
 6.41885  -0.02608
 6.46983  -0.06356
 6.52200  -0.10152
 6.57547  -0.13978
 6.63035  -0.17813
 6.68673  -0.21634
 6.74470  -0.25413
 6.80427  -0.29116
 6.86534  -0.32702
 6.92770  -0.36126
 6.99101  -0.39338
 7.05463  -0.42286
 7.11845  -0.44951
 7.18222  -0.47315
 7.24558  -0.49366
 7.30896  -0.51119
 7.37213  -0.52574
 7.43509  -0.53737
 7.49826  -0.54625
 7.56160  -0.55245
 7.62498  -0.55604
 7.68882  -0.55716
 7.75307  -0.55590
 7.81794  -0.55235
 7.88413  -0.54656
 7.95129  -0.53864
 8.01966  -0.52865
 8.08936  -0.51669
 8.16044  -0.50287
 8.23291  -0.48735
 8.30684  -0.47025
 8.38241  -0.45171
 8.45955  -0.43193
 8.53838  -0.41107
 8.61885  -0.38935
 8.70092  -0.36701
 8.78452  -0.34427
 8.86965  -0.32134
 8.95645  -0.29841
 9.04497  -0.27565
 9.13558  -0.25318
 9.22875  -0.23106
 9.32527  -0.20932
 9.42635  -0.18793
 9.53364  -0.16682
 9.64734  -0.14627
 9.75939  -0.12785
 9.86315  -0.11238
 9.96029  -0.09922
 10.05302  -0.08781
 10.14268  -0.07780
 10.23011  -0.06894
 10.31586  -0.06106
 10.40035  -0.05405
 10.48390  -0.04778
 10.56676  -0.04218
 10.64914  -0.03716
 10.73123  -0.03268
 10.81318  -0.02866
 10.89514  -0.02507
 10.97724  -0.02186
 11.05960  -0.01900
 11.14234  -0.01643
 11.22558  -0.01414
 11.30943  -0.01210
 11.39402  -0.01027
 11.47946  -0.00863
 11.56590  -0.00715
 11.65347  -0.00582
 11.74234  -0.00461
 11.83270  -0.00350
 11.92477  -0.00246
 12.01878  -0.00147
 12.11498  -0.00051
 12.13806  -0.00028
