 0.00018   0.00000
 0.00023   0.00000
 0.00028   0.00000
 0.00034   0.00000
 0.00041   0.00000
 0.00049   0.00000
 0.00059   0.00000
 0.00069   0.00000
 0.00082   0.00000
 0.00096   0.00000
 0.00112   0.00000
 0.00131   0.00000
 0.00151   0.00000
 0.00175   0.00000
 0.00201   0.00001
 0.00229   0.00001
 0.00262   0.00001
 0.00298   0.00001
 0.00339   0.00002
 0.00383   0.00002
 0.00432   0.00002
 0.00486   0.00003
 0.00546   0.00004
 0.00611   0.00005
 0.00682   0.00006
 0.00761   0.00008
 0.00845   0.00009
 0.00940   0.00012
 0.01046   0.00014
 0.01173   0.00018
 0.01295   0.00022
 0.01428   0.00027
 0.01571   0.00032
 0.01727   0.00039
 0.01894   0.00047
 0.01985   0.00052
 0.02076   0.00057
 0.02192   0.00063
 0.02398   0.00075
 0.02619   0.00090
 0.02856   0.00107
 0.02998   0.00118
 0.03141   0.00129
 0.03390   0.00150
 0.03685   0.00177
 0.04002   0.00209
 0.04301   0.00241
 0.04663   0.00283
 0.04905   0.00312
 0.05147   0.00344
 0.05455   0.00385
 0.05903   0.00450
 0.06196   0.00496
 0.06486   0.00542
 0.06875   0.00608
 0.07222   0.00670
 0.07568   0.00735
 0.07956   0.00810
 0.08343   0.00890
 0.08758   0.00978
 0.09297   0.01099
 0.09836   0.01227
 0.10304   0.01344
 0.10756   0.01461
 0.11356   0.01623
 0.11956   0.01793
 0.12935   0.02087
 0.13821   0.02371
 0.14365   0.02553
 0.14872   0.02729
 0.15517   0.02959
 0.15903   0.03101
 0.16290   0.03245
 0.16707   0.03405
 0.17421   0.03685
 0.17942   0.03896
 0.18463   0.04112
 0.18858   0.04278
 0.19253   0.04448
 0.19740   0.04661
 0.20429   0.04968
 0.21118   0.05284
 0.21833   0.05620
 0.22622   0.05999
 0.23339   0.06353
 0.23989   0.06679
 0.24632   0.07009
 0.25275   0.07344
 0.25856   0.07651
 0.26936   0.08234
 0.27930   0.08784
 0.28704   0.09220
 0.29478   0.09662
 0.29929   0.09923
 0.30379   0.10185
 0.30960   0.10527
 0.31761   0.11004
 0.32562   0.11486
 0.32967   0.11731
 0.33371   0.11978
 0.34007   0.12370
 0.34744   0.12826
 0.35569   0.13342
 0.36350   0.13834
 0.36881   0.14171
 0.37412   0.14510
 0.37940   0.14847
 0.38468   0.15187
 0.38954   0.15500
 0.39440   0.15815
 0.40031   0.16198
 0.40574   0.16551
 0.41585   0.17211
 0.42596   0.17874
 0.42959   0.18112
 0.43321   0.18350
 0.43713   0.18608
 0.44590   0.19185
 0.45466   0.19762
 0.46505   0.20445
 0.47516   0.21109
 0.48577   0.21804
 0.49826   0.22619
 0.51008   0.23385
 0.51760   0.23870
 0.52513   0.24352
 0.53356   0.24890
 0.53948   0.25265
 0.54540   0.25638
 0.55454   0.26209
 0.56461   0.26832
 0.57453   0.27438
 0.58439   0.28034
 0.59410   0.28611
 0.60347   0.29160
 0.61108   0.29601
 0.61840   0.30018
 0.62713   0.30509
 0.63587   0.30992
 0.64578   0.31529
 0.65955   0.32256
 0.67217   0.32901
 0.68670   0.33618
 0.69980   0.34239
 0.70958   0.34686
 0.71936   0.35120
 0.72789   0.35485
 0.73642   0.35840
 0.74645   0.36241
 0.75856   0.36704
 0.76839   0.37062
 0.77822   0.37403
 0.79025   0.37797
 0.79958   0.38085
 0.80890   0.38357
 0.81828   0.38614
 0.82767   0.38855
 0.83932   0.39131
 0.85241   0.39409
 0.86448   0.39636
 0.87568   0.39820
 0.88895   0.40006
 0.90018   0.40136
 0.90953   0.40224
 0.91887   0.40293
 0.92878   0.40348
 0.93870   0.40382
 0.95225   0.40395
 0.96900   0.40357
 0.97859   0.40309
 0.98818   0.40242
 0.99798   0.40152
 1.00778   0.40043
 1.02017   0.39875
 1.02950   0.39727
 1.03884   0.39561
 1.05232   0.39288
 1.06581   0.38977
 1.07958   0.38621
 1.09001   0.38325
 1.10045   0.38006
 1.11165   0.37639
 1.12370   0.37216
 1.13583   0.36760
 1.14877   0.36242
 1.16170   0.35692
 1.17376   0.35149
 1.18660   0.34541
 1.20445   0.33645
 1.21887   0.32879
 1.23330   0.32075
 1.24801   0.31218
 1.27102   0.29804
 1.29456   0.28269
 1.31599   0.26798
 1.33817   0.25205
 1.35965   0.23598
 1.38113   0.21932
 1.40551   0.19975
 1.42997   0.17947
 1.45988   0.15389
 1.49071   0.12675
 1.52512   0.09570
 1.56055   0.06309
 1.59478   0.03118
 1.62980  -0.00166
 1.66460  -0.03428
 1.69939  -0.06667
 1.73444  -0.09888
 1.76951  -0.13047
 1.80405  -0.16076
 1.83898  -0.19038
 1.87245  -0.21764
 1.90543  -0.24328
 1.93842  -0.26756
 1.97013  -0.28950
 2.00261  -0.31044
 2.03296  -0.32851
 2.06331  -0.34506
 2.09638  -0.36129
 2.12655  -0.37437
 2.15529  -0.38527
 2.18501  -0.39489
 2.21392  -0.40260
 2.24283  -0.40867
 2.27201  -0.41312
 2.30119  -0.41587
 2.33066  -0.41692
 2.36014  -0.41623
 2.39017  -0.41377
 2.42052  -0.40949
 2.45220  -0.40313
 2.48449  -0.39470
 2.51679  -0.38436
 2.54735  -0.37287
 2.57838  -0.35957
 2.61032  -0.34423
 2.64391  -0.32638
 2.68402  -0.30292
 2.72130  -0.27915
 2.75723  -0.25462
 2.79223  -0.22933
 2.83000  -0.20067
 2.86662  -0.17170
 2.90391  -0.14119
 2.94263  -0.10862
 2.98113  -0.07556
 3.01968  -0.04198
 3.05843  -0.00798
 3.09741   0.02629
 3.13668   0.06064
 3.17647   0.09506
 3.21678   0.12931
 3.25755   0.16312
 3.29864   0.19611
 3.33984   0.22790
 3.38115   0.25830
 3.42280   0.28724
 3.46504   0.31469
 3.50782   0.34036
 3.54869   0.36276
 3.58876   0.38258
 3.62844   0.40003
 3.66771   0.41510
 3.70670   0.42785
 3.74624   0.43846
 3.78596   0.44675
 3.82565   0.45265
 3.86534   0.45615
 3.90505   0.45726
 3.94478   0.45602
 3.98489   0.45240
 4.02537   0.44638
 4.06596   0.43803
 4.10666   0.42740
 4.14746   0.41456
 4.18838   0.39957
 4.22955   0.38248
 4.27144   0.36312
 4.31443   0.34131
 4.35886   0.31689
 4.40263   0.29110
 4.44765   0.26295
 4.49299   0.23314
 4.53913   0.20147
 4.58543   0.16856
 4.63272   0.13398
 4.68037   0.09836
 4.72843   0.06186
 4.77707   0.02458
 4.82626  -0.01327
 4.87599  -0.05146
 4.92675  -0.09014
 4.97873  -0.12921
 5.03206  -0.16849
 5.08680  -0.20774
 5.14310  -0.24675
 5.20091  -0.28516
 5.26013  -0.32256
 5.32072  -0.35859
 5.38233  -0.39272
 5.44447  -0.42446
 5.50743  -0.45373
 5.57095  -0.48024
 5.63336  -0.50327
 5.69555  -0.52325
 5.75821  -0.54037
 5.82070  -0.55448
 5.88243  -0.56557
 5.94397  -0.57388
 6.00611  -0.57961
 6.06907  -0.58278
 6.13186  -0.58344
 6.19449  -0.58176
 6.25850  -0.57779
 6.32381  -0.57156
 6.38972  -0.56324
 6.45705  -0.55282
 6.52613  -0.54033
 6.59622  -0.52604
 6.66768  -0.51002
 6.74084  -0.49233
 6.81515  -0.47330
 6.89077  -0.45307
 6.96823  -0.43169
 7.04745  -0.40938
 7.12804  -0.38647
 7.21020  -0.36312
 7.29384  -0.33955
 7.37890  -0.31599
 7.46579  -0.29254
 7.55444  -0.26940
 7.64552  -0.24659
 7.73963  -0.22417
 7.83784  -0.20209
 7.94162  -0.18031
 8.05201  -0.15893
 8.16362  -0.13917
 8.26785  -0.12239
 8.36495  -0.10816
 8.45719  -0.09585
 8.54611  -0.08503
 8.63259  -0.07546
 8.71726  -0.06693
 8.80056  -0.05931
 8.88282  -0.05247
 8.96430  -0.04634
 9.04523  -0.04082
 9.12580  -0.03585
 9.20616  -0.03138
 9.28646  -0.02734
 9.36684  -0.02368
 9.44743  -0.02038
 9.52835  -0.01737
 9.60973  -0.01464
 9.69171  -0.01213
 9.77441  -0.00983
 9.85797  -0.00768
 9.94256  -0.00566
 10.02831  -0.00373
 10.11537  -0.00186
 10.20377  -0.00000
 10.26635   0.00131
