 0.00010   0.00017
 0.00017   0.00029
 0.00024   0.00042
 0.00030   0.00051
 0.00036   0.00061
 0.00045   0.00078
 0.00055   0.00095
 0.00065   0.00112
 0.00076   0.00130
 0.00089   0.00153
 0.00099   0.00170
 0.00109   0.00188
 0.00121   0.00209
 0.00159   0.00273
 0.00197   0.00338
 0.00207   0.00356
 0.00218   0.00373
 0.00264   0.00453
 0.00288   0.00493
 0.00302   0.00519
 0.00316   0.00543
 0.00373   0.00640
 0.00393   0.00674
 0.00413   0.00708
 0.00434   0.00745
 0.00478   0.00820
 0.00500   0.00857
 0.00522   0.00894
 0.00579   0.00992
 0.00636   0.01089
 0.00688   0.01177
 0.00732   0.01252
 0.00771   0.01320
 0.00840   0.01436
 0.00880   0.01506
 0.00921   0.01575
 0.00969   0.01656
 0.01000   0.01709
 0.01031   0.01761
 0.01086   0.01856
 0.01645   0.02800
 0.01818   0.03091
 0.01990   0.03381
 0.02022   0.03433
 0.02051   0.03482
 0.02340   0.03965
 0.02604   0.04404
 0.02868   0.04842
 0.02973   0.05015
 0.03046   0.05137
 0.03115   0.05250
 0.03803   0.06379
 0.03902   0.06539
 0.04000   0.06700
 0.04109   0.06877
 0.04444   0.07418
 0.04778   0.07957
 0.04997   0.08308
 0.05216   0.08658
 0.05473   0.09066
 0.05854   0.09669
 0.05946   0.09815
 0.06009   0.09914
 0.06069   0.10008
 0.06669   0.10946
 0.06916   0.11329
 0.07098   0.11611
 0.07273   0.11880
 0.07600   0.12382
 0.07928   0.12882
 0.08101   0.13145
 0.08274   0.13407
 0.08610   0.13912
 0.08946   0.14415
 0.09100   0.14644
 0.09254   0.14872
 0.09897   0.15819
 0.10153   0.16194
 0.10410   0.16566
 0.10676   0.16950
 0.10941   0.17331
 0.11114   0.17579
 0.11288   0.17826
 0.11620   0.18297
 0.11952   0.18765
 0.12186   0.19091
 0.12400   0.19390
 0.12723   0.19837
 0.12935   0.20128
 0.13147   0.20419
 0.13342   0.20685
 0.13997   0.21569
 0.14652   0.22441
 0.14889   0.22752
 0.15125   0.23062
 0.15387   0.23403
 0.15761   0.23885
 0.15941   0.24116
 0.16121   0.24346
 0.16320   0.24599
 0.16658   0.25027
 0.16997   0.25450
 0.17700   0.26320
 0.18404   0.27174
 0.18825   0.27678
 0.19246   0.28176
 0.19878   0.28914
 0.20233   0.29322
 0.20570   0.29706
 0.21577   0.30832
 0.22583   0.31926
 0.23082   0.32456
 0.23581   0.32979
 0.23938   0.33346
 0.24294   0.33710
 0.24662   0.34082
 0.24946   0.34366
 0.25231   0.34648
 0.25553   0.34963
 0.25963   0.35360
 0.26372   0.35752
 0.26842   0.36194
 0.27278   0.36599
 0.27714   0.36997
 0.28345   0.37562
 0.28975   0.38114
 0.29996   0.38981
 0.30717   0.39574
 0.31438   0.40150
 0.31903   0.40512
 0.32367   0.40868
 0.32829   0.41215
 0.33320   0.41576
 0.33811   0.41929
 0.34338   0.42301
 0.34866   0.42663
 0.35458   0.43060
 0.36002   0.43415
 0.36722   0.43870
 0.37496   0.44342
 0.37991   0.44633
 0.38486   0.44918
 0.38921   0.45162
 0.39357   0.45400
 0.39850   0.45663
 0.40596   0.46046
 0.40962   0.46227
 0.41327   0.46404
 0.41830   0.46642
 0.42284   0.46850
 0.42710   0.47039
 0.42909   0.47126
 0.43108   0.47211
 0.43349   0.47313
 0.43914   0.47545
 0.44478   0.47768
 0.45111   0.48006
 0.45732   0.48228
 0.46436   0.48467
 0.46956   0.48633
 0.47475   0.48792
 0.48003   0.48946
 0.48532   0.49091
 0.49686   0.49381
 0.50596   0.49583
 0.51443   0.49750
 0.52013   0.49851
 0.52583   0.49943
 0.53464   0.50068
 0.53958   0.50128
 0.54452   0.50182
 0.55012   0.50235
 0.55572   0.50280
 0.56378   0.50329
 0.57008   0.50356
 0.57638   0.50372
 0.58534   0.50376
 0.59429   0.50360
 0.60131   0.50333
 0.60764   0.50298
 0.61828   0.50216
 0.62820   0.50114
 0.63830   0.49986
 0.64857   0.49829
 0.65924   0.49640
 0.66752   0.49474
 0.67579   0.49293
 0.68441   0.49087
 0.69453   0.48824
 0.70436   0.48546
 0.71407   0.48250
 0.72351   0.47944
 0.73241   0.47637
 0.74044   0.47345
 0.74808   0.47055
 0.78106   0.45669
 0.81068   0.44243
 0.82712   0.43382
 0.83874   0.42744
 0.85037   0.42083
 0.86187   0.41406
 0.87808   0.40415
 0.88928   0.39706
 0.90049   0.38978
 0.91194   0.38214
 0.92971   0.36991
 0.94848   0.35652
 0.96725   0.34266
 0.98584   0.32850
 1.00386   0.31439
 1.02022   0.30127
 1.03834   0.28640
 1.05805   0.26986
 1.07880   0.25207
 1.09922   0.23420
 1.11964   0.21601
 1.14460   0.19338
 1.16970   0.17024
 1.19955   0.14229
 1.23053   0.11286
 1.27074   0.07420
 1.31106   0.03508
 1.35561  -0.00833
 1.40234  -0.05382
 1.45058  -0.10043
 1.49656  -0.14430
 1.54359  -0.18838
 1.57983  -0.22165
 1.61607  -0.25423
 1.66798  -0.29951
 1.72505  -0.34717
 1.77109  -0.38382
 1.81381  -0.41630
 1.85229  -0.44421
 1.88895  -0.46957
 1.92318  -0.49212
 1.95438  -0.51173
 1.98710  -0.53127
 2.01863  -0.54912
 2.05141  -0.56665
 2.09348  -0.58756
 2.13373  -0.60592
 2.17056  -0.62130
 2.21025  -0.63636
 2.24831  -0.64934
 2.28353  -0.66008
 2.31608  -0.66893
 2.35138  -0.67739
 2.41619  -0.68989
 2.48690  -0.69921
 2.53135  -0.70285
 2.57579  -0.70485
 2.62137  -0.70528
 2.66527  -0.70420
 2.70823  -0.70181
 2.75062  -0.69820
 2.79653  -0.69299
 2.85644  -0.68427
 2.91808  -0.67323
 2.98399  -0.65933
 3.04636  -0.64442
 3.12070  -0.62470
 3.19276  -0.60388
 3.26123  -0.58282
 3.33152  -0.56017
 3.40412  -0.53594
 3.47543  -0.51156
 3.55216  -0.48494
 3.63205  -0.45709
 3.71418  -0.42856
 3.79639  -0.40037
 3.87880  -0.37267
 3.96985  -0.34296
 4.06021  -0.31459
 4.15392  -0.28650
 4.24998  -0.25924
 4.35048  -0.23249
 4.45753  -0.20607
 4.56991  -0.18064
 4.67838  -0.15832
 4.77874  -0.13957
 4.87334  -0.12350
 4.96369  -0.10955
 5.05131  -0.09725
 5.13681  -0.08635
 5.22109  -0.07661
 5.30398  -0.06795
 5.38611  -0.06019
 5.46765  -0.05324
 5.54866  -0.04703
 5.62935  -0.04147
 5.70995  -0.03650
 5.79059  -0.03205
 5.87139  -0.02808
 5.95246  -0.02453
 6.03390  -0.02137
 6.11582  -0.01855
 6.19832  -0.01605
 6.28149  -0.01384
 6.36545  -0.01187
 6.45032  -0.01013
 6.53618  -0.00859
 6.62318  -0.00723
 6.71143  -0.00603
 6.80107  -0.00497
 6.89227  -0.00402
 6.98521  -0.00318
 7.08010  -0.00242
 7.17721  -0.00172
 7.27687  -0.00107
 7.37946  -0.00044
 7.44450  -0.00006
