 0.00018   0.00000
 0.00023   0.00000
 0.00028   0.00000
 0.00034   0.00000
 0.00041   0.00000
 0.00049   0.00000
 0.00059   0.00000
 0.00069   0.00000
 0.00082   0.00000
 0.00096   0.00000
 0.00112   0.00000
 0.00131   0.00000
 0.00151   0.00000
 0.00175   0.00000
 0.00201   0.00000
 0.00229   0.00001
 0.00262   0.00001
 0.00298   0.00001
 0.00339   0.00001
 0.00383   0.00002
 0.00432   0.00002
 0.00486   0.00003
 0.00546   0.00004
 0.00611   0.00005
 0.00682   0.00006
 0.00761   0.00007
 0.00845   0.00009
 0.00940   0.00011
 0.01046   0.00013
 0.01173   0.00017
 0.01295   0.00021
 0.01428   0.00025
 0.01571   0.00030
 0.01727   0.00037
 0.01894   0.00044
 0.02024   0.00050
 0.02144   0.00056
 0.02346   0.00067
 0.02562   0.00080
 0.02795   0.00095
 0.03045   0.00113
 0.03277   0.00131
 0.03564   0.00155
 0.03872   0.00182
 0.04201   0.00214
 0.04514   0.00247
 0.04891   0.00290
 0.05206   0.00328
 0.05502   0.00366
 0.05953   0.00427
 0.06379   0.00490
 0.06779   0.00552
 0.07321   0.00643
 0.07864   0.00740
 0.08255   0.00814
 0.08637   0.00889
 0.09004   0.00965
 0.09371   0.01043
 0.09893   0.01159
 0.10360   0.01269
 0.10787   0.01372
 0.11322   0.01508
 0.11858   0.01649
 0.12312   0.01774
 0.12737   0.01894
 0.13450   0.02104
 0.14008   0.02276
 0.14529   0.02441
 0.15090   0.02625
 0.15632   0.02808
 0.16423   0.03085
 0.16917   0.03265
 0.17412   0.03448
 0.17944   0.03651
 0.18993   0.04064
 0.19673   0.04342
 0.20353   0.04628
 0.20860   0.04845
 0.21366   0.05067
 0.21879   0.05296
 0.22570   0.05610
 0.23010   0.05814
 0.23450   0.06021
 0.23937   0.06253
 0.24425   0.06489
 0.24924   0.06734
 0.25423   0.06982
 0.25959   0.07252
 0.26494   0.07526
 0.26915   0.07744
 0.27336   0.07964
 0.27855   0.08238
 0.28601   0.08638
 0.29346   0.09044
 0.29891   0.09345
 0.30436   0.09650
 0.30902   0.09912
 0.31368   0.10177
 0.31935   0.10502
 0.34029   0.11730
 0.34843   0.12217
 0.35656   0.12710
 0.36486   0.13218
 0.37733   0.13991
 0.38690   0.14590
 0.39558   0.15138
 0.40483   0.15727
 0.41466   0.16357
 0.41827   0.16590
 0.42188   0.16824
 0.42616   0.17101
 0.42959   0.17323
 0.43303   0.17546
 0.43679   0.17791
 0.44677   0.18443
 0.45641   0.19075
 0.46619   0.19718
 0.47710   0.20438
 0.48816   0.21168
 0.49852   0.21851
 0.50933   0.22564
 0.51724   0.23086
 0.52515   0.23606
 0.53447   0.24218
 0.54418   0.24853
 0.55341   0.25453
 0.55965   0.25858
 0.56589   0.26261
 0.57626   0.26928
 0.58719   0.27626
 0.59813   0.28317
 0.60902   0.29000
 0.61770   0.29539
 0.62639   0.30072
 0.63594   0.30653
 0.64815   0.31386
 0.65814   0.31977
 0.66813   0.32559
 0.67946   0.33209
 0.69203   0.33915
 0.70180   0.34454
 0.70939   0.34865
 0.71697   0.35270
 0.72856   0.35876
 0.73880   0.36400
 0.74904   0.36911
 0.76207   0.37542
 0.77176   0.37998
 0.78145   0.38441
 0.78918   0.38787
 0.79692   0.39124
 0.80836   0.39607
 0.81900   0.40040
 0.82964   0.40457
 0.83845   0.40789
 0.84726   0.41109
 0.85861   0.41505
 0.86810   0.41820
 0.87758   0.42121
 0.88927   0.42472
 0.90248   0.42842
 0.91438   0.43150
 0.92561   0.43419
 0.93883   0.43709
 0.95050   0.43939
 0.95917   0.44095
 0.96785   0.44238
 0.97806   0.44389
 0.98827   0.44522
 0.99804   0.44631
 1.00780   0.44723
 1.01977   0.44812
 1.03048   0.44870
 1.04034   0.44905
 1.05033   0.44922
 1.06051   0.44921
 1.07003   0.44902
 1.08169   0.44856
 1.09258   0.44791
 1.10239   0.44714
 1.11175   0.44623
 1.12163   0.44510
 1.14040   0.44245
 1.15897   0.43920
 1.17734   0.43536
 1.19051   0.43224
 1.20291   0.42900
 1.21467   0.42569
 1.22773   0.42171
 1.24615   0.41560
 1.26348   0.40931
 1.27925   0.40314
 1.30425   0.39251
 1.32925   0.38085
 1.35379   0.36843
 1.37941   0.35449
 1.40142   0.34173
 1.41930   0.33086
 1.43718   0.31955
 1.45836   0.30561
 1.48317   0.28855
 1.50622   0.27205
 1.53173   0.25310
 1.55795   0.23291
 1.58719   0.20962
 1.61618   0.18581
 1.64529   0.16127
 1.67852   0.13257
 1.71265   0.10249
 1.75138   0.06778
 1.79002   0.03275
 1.82844  -0.00228
 1.86728  -0.03768
 1.90650  -0.07318
 1.94614  -0.10864
 1.98625  -0.14385
 2.02690  -0.17862
 2.06748  -0.21222
 2.10691  -0.24362
 2.14703  -0.27412
 2.18695  -0.30285
 2.22678  -0.32976
 2.26695  -0.35499
 2.30634  -0.37773
 2.34315  -0.39711
 2.37996  -0.41459
 2.41538  -0.42956
 2.45333  -0.44353
 2.49128  -0.45532
 2.52989  -0.46503
 2.56475  -0.47181
 2.60289  -0.47704
 2.64102  -0.47999
 2.67781  -0.48068
 2.71113  -0.47951
 2.75014  -0.47598
 2.78569  -0.47077
 2.82594  -0.46264
 2.86788  -0.45172
 2.90574  -0.43978
 2.94429  -0.42568
 2.98284  -0.40970
 3.02367  -0.39084
 3.06451  -0.37009
 3.11269  -0.34334
 3.15653  -0.31707
 3.20129  -0.28850
 3.24559  -0.25868
 3.29211  -0.22591
 3.33790  -0.19239
 3.38386  -0.15770
 3.43106  -0.12119
 3.47807  -0.08415
 3.52566  -0.04621
 3.57390  -0.00747
 3.62252   0.03160
 3.67178   0.07101
 3.72220   0.11095
 3.77383   0.15120
 3.82677   0.19156
 3.88115   0.23185
 3.93677   0.27160
 3.99454   0.31111
 4.05373   0.34950
 4.11388   0.38617
 4.17504   0.42083
 4.23765   0.45346
 4.30146   0.48362
 4.36234   0.50939
 4.42230   0.53189
 4.48203   0.55142
 4.54133   0.56800
 4.60060   0.58180
 4.66010   0.59291
 4.71985   0.60139
 4.77993   0.60731
 4.84016   0.61070
 4.90052   0.61169
 4.96108   0.61039
 5.02222   0.60687
 5.08411   0.60123
 5.14870   0.59329
 5.21519   0.58310
 5.28241   0.57096
 5.34986   0.55711
 5.41941   0.54132
 5.49081   0.52375
 5.56320   0.50478
 5.63655   0.48460
 5.71224   0.46302
 5.78910   0.44056
 5.86823   0.41711
 5.94868   0.39315
 6.03066   0.36884
 6.11374   0.34452
 6.19807   0.32034
 6.28428   0.29632
 6.37238   0.27265
 6.46319   0.24929
 6.55724   0.22634
 6.65557   0.20375
 6.75990   0.18144
 6.86986   0.15978
 6.97756   0.14041
 7.07747   0.12403
 7.17120   0.11002
 7.26069   0.09780
 7.34722   0.08703
 7.43163   0.07744
 7.51434   0.06889
 7.59580   0.06122
 7.67631   0.05433
 7.75609   0.04814
 7.83534   0.04256
 7.91425   0.03753
 7.99295   0.03300
 8.07159   0.02890
 8.15029   0.02520
 8.22918   0.02186
 8.30837   0.01882
 8.38797   0.01606
 8.46811   0.01355
 8.54891   0.01125
 8.63049   0.00913
 8.71299   0.00715
 8.79656   0.00529
 8.88136   0.00352
 8.96752   0.00180
 9.05509   0.00010
 9.08526  -0.00049
