 0.00018   0.00000
 0.00023   0.00000
 0.00028   0.00000
 0.00034   0.00000
 0.00041   0.00000
 0.00049   0.00000
 0.00059   0.00000
 0.00069   0.00000
 0.00082   0.00000
 0.00096   0.00000
 0.00112   0.00000
 0.00131   0.00000
 0.00151   0.00000
 0.00174   0.00000
 0.00201   0.00000
 0.00230   0.00000
 0.00262   0.00000
 0.00299   0.00000
 0.00339   0.00001
 0.00383   0.00001
 0.00433   0.00001
 0.00487   0.00001
 0.00546   0.00001
 0.00612   0.00002
 0.00684   0.00002
 0.00762   0.00003
 0.00848   0.00003
 0.00941   0.00004
 0.01044   0.00005
 0.01159   0.00006
 0.01279   0.00007
 0.01410   0.00009
 0.01551   0.00011
 0.01704   0.00013
 0.01868   0.00015
 0.02046   0.00018
 0.02229   0.00022
 0.02434   0.00026
 0.02654   0.00031
 0.02891   0.00037
 0.03145   0.00044
 0.03423   0.00052
 0.03715   0.00061
 0.03952   0.00069
 0.04190   0.00077
 0.04470   0.00088
 0.04836   0.00103
 0.05225   0.00120
 0.05646   0.00140
 0.05967   0.00156
 0.06288   0.00173
 0.06697   0.00197
 0.07212   0.00228
 0.07740   0.00262
 0.08323   0.00303
 0.08869   0.00343
 0.09415   0.00386
 0.09952   0.00431
 0.10684   0.00496
 0.11407   0.00565
 0.12013   0.00626
 0.12608   0.00689
 0.13523   0.00790
 0.14551   0.00913
 0.15504   0.01034
 0.16457   0.01162
 0.16963   0.01233
 0.17469   0.01306
 0.17961   0.01379
 0.18454   0.01454
 0.19123   0.01558
 0.19787   0.01665
 0.21000   0.01869
 0.21752   0.02001
 0.22504   0.02137
 0.23354   0.02295
 0.23959   0.02412
 0.24565   0.02530
 0.25534   0.02725
 0.26826   0.02995
 0.27700   0.03184
 0.28575   0.03378
 0.29596   0.03610
 0.30561   0.03836
 0.31526   0.04068
 0.32824   0.04388
 0.33838   0.04644
 0.34852   0.04907
 0.35815   0.05162
 0.36778   0.05422
 0.37935   0.05740
 0.39238   0.06106
 0.40454   0.06456
 0.41570   0.06783
 0.42615   0.07094
 0.43513   0.07365
 0.44411   0.07640
 0.45488   0.07973
 0.46686   0.08349
 0.47761   0.08691
 0.48837   0.09037
 0.49838   0.09363
 0.50839   0.09692
 0.52013   0.10081
 0.53187   0.10474
 0.54632   0.10962
 0.55816   0.11366
 0.56999   0.11773
 0.58554   0.12311
 0.59977   0.12806
 0.61558   0.13360
 0.63017   0.13874
 0.64480   0.14390
 0.65856   0.14877
 0.67780   0.15559
 0.69604   0.16205
 0.71280   0.16797
 0.72718   0.17304
 0.73876   0.17711
 0.75034   0.18116
 0.76331   0.18568
 0.77606   0.19010
 0.78891   0.19452
 0.80176   0.19890
 0.81431   0.20315
 0.82786   0.20770
 0.84644   0.21385
 0.86458   0.21976
 0.87823   0.22413
 0.89188   0.22844
 0.90523   0.23259
 0.92037   0.23721
 0.93599   0.24188
 0.95263   0.24673
 0.97005   0.25168
 0.99005   0.25718
 1.01004   0.26247
 1.03364   0.26843
 1.05368   0.27325
 1.07372   0.27783
 1.09491   0.28239
 1.11404   0.28627
 1.12825   0.28899
 1.14247   0.29158
 1.15852   0.29433
 1.17458   0.29690
 1.19072   0.29929
 1.20616   0.30140
 1.22316   0.30351
 1.24013   0.30540
 1.25711   0.30707
 1.27572   0.30864
 1.29449   0.30993
 1.31284   0.31093
 1.33096   0.31163
 1.34821   0.31206
 1.36898   0.31223
 1.38842   0.31207
 1.40786   0.31158
 1.42946   0.31066
 1.45426   0.30912
 1.48024   0.30693
 1.50622   0.30416
 1.53024   0.30109
 1.55793   0.29694
 1.58507   0.29224
 1.61252   0.28686
 1.63839   0.28123
 1.66861   0.27396
 1.69906   0.26590
 1.73067   0.25677
 1.76509   0.24598
 1.79951   0.23434
 1.83417   0.22179
 1.87234   0.20707
 1.91749   0.18851
 1.95832   0.17073
 1.99680   0.15321
 2.03745   0.13397
 2.07794   0.11416
 2.11814   0.09393
 2.15847   0.07318
 2.19892   0.05202
 2.23931   0.03063
 2.27950   0.00920
 2.31942  -0.01212
 2.35904  -0.03324
 2.39906  -0.05441
 2.43944  -0.07550
 2.48015  -0.09640
 2.52118  -0.11698
 2.56265  -0.13720
 2.60471  -0.15699
 2.64751  -0.17629
 2.68949  -0.19430
 2.73093  -0.21109
 2.77272  -0.22695
 2.81548  -0.24198
 2.85867  -0.25586
 2.89883  -0.26752
 2.93845  -0.27781
 2.97755  -0.28673
 3.01641  -0.29434
 3.05610  -0.30080
 3.09576  -0.30589
 3.13527  -0.30961
 3.17478  -0.31195
 3.21427  -0.31291
 3.25349  -0.31250
 3.29179  -0.31079
 3.32948  -0.30786
 3.36649  -0.30379
 3.40465  -0.29838
 3.44531  -0.29129
 3.48582  -0.28290
 3.52649  -0.27318
 3.56729  -0.26218
 3.60821  -0.24996
 3.64926  -0.23654
 3.69090  -0.22182
 3.73326  -0.20579
 3.77646  -0.18841
 3.81974  -0.17005
 3.86291  -0.15089
 3.90650  -0.13079
 3.95008  -0.11003
 3.99349  -0.08880
 4.03691  -0.06713
 4.08012  -0.04524
 4.12311  -0.02324
 4.16586  -0.00125
 4.20836   0.02062
 4.25095   0.04243
 4.29408   0.06433
 4.33778   0.08620
 4.38204   0.10792
 4.42685   0.12938
 4.47218   0.15042
 4.51798   0.17090
 4.56414   0.19064
 4.61073   0.20956
 4.65729   0.22735
 4.70399   0.24399
 4.75075   0.25936
 4.79695   0.27321
 4.84303   0.28563
 4.88877   0.29654
 4.93368   0.30582
 4.97855   0.31364
 5.02246   0.31987
 5.06614   0.32465
 5.10939   0.32797
 5.15170   0.32986
 5.19374   0.33040
 5.23556   0.32962
 5.27751   0.32753
 5.31974   0.32411
 5.36251   0.31935
 5.40620   0.31314
 5.45055   0.30549
 5.49529   0.29643
 5.54098   0.28586
 5.58698   0.27391
 5.63365   0.26051
 5.68092   0.24570
 5.72851   0.22962
 5.77654   0.21228
 5.82504   0.19374
 5.87384   0.17413
 5.92280   0.15360
 5.97184   0.13227
 6.02090   0.11029
 6.06992   0.08780
 6.11884   0.06493
 6.16763   0.04182
 6.21625   0.01860
 6.26466  -0.00462
 6.31286  -0.02771
 6.36151  -0.05089
 6.41094  -0.07421
 6.46116  -0.09755
 6.51220  -0.12080
 6.56407  -0.14382
 6.61675  -0.16648
 6.67022  -0.18862
 6.72437  -0.21004
 6.77915  -0.23060
 6.83437  -0.25008
 6.88990  -0.26833
 6.94548  -0.28515
 7.00107  -0.30046
 7.05630  -0.31412
 7.11132  -0.32612
 7.16577  -0.33638
 7.21987  -0.34495
 7.27333  -0.35181
 7.32633  -0.35700
 7.37889  -0.36058
 7.43085  -0.36257
 7.48226  -0.36304
 7.53325  -0.36204
 7.58468  -0.35958
 7.63697  -0.35561
 7.69005  -0.35009
 7.74384  -0.34302
 7.79850  -0.33434
 7.85393  -0.32408
 7.91013  -0.31223
 7.96703  -0.29882
 8.02468  -0.28387
 8.08296  -0.26744
 8.14180  -0.24962
 8.20115  -0.23048
 8.26096  -0.21011
 8.32115  -0.18864
 8.38165  -0.16618
 8.44241  -0.14286
 8.50337  -0.11882
 8.56448  -0.09417
 8.62571  -0.06906
 8.68704  -0.04361
 8.74844  -0.01793
 8.80992   0.00785
 8.87146   0.03363
 8.93421   0.05977
 8.99851   0.08630
 9.06448   0.11312
 9.13226   0.14016
 9.20198   0.16729
 9.27379   0.19440
 9.34785   0.22136
 9.42427   0.24799
 9.50310   0.27407
 9.58424   0.29936
 9.66739   0.32352
 9.75198   0.34621
 9.83732   0.36708
 9.92278   0.38592
 10.00796   0.40261
 10.09266   0.41714
 10.17687   0.42954
 10.26063   0.43989
 10.34407   0.44825
 10.42729   0.45471
 10.51040   0.45935
 10.59351   0.46225
 10.67672   0.46348
 10.76013   0.46311
 10.84407   0.46123
 10.92947   0.45784
 11.01634   0.45299
 11.10475   0.44671
 11.19472   0.43906
 11.28632   0.43008
 11.37963   0.41985
 11.47474   0.40843
 11.57174   0.39591
 11.67070   0.38237
 11.77174   0.36791
 11.87490   0.35263
 11.98022   0.33664
 12.08767   0.32009
 12.19718   0.30312
 12.30862   0.28588
 12.42191   0.26851
 12.53695   0.25117
 12.65377   0.23397
 12.77248   0.21701
 12.89339   0.20037
 13.01701   0.18407
 13.14410   0.16814
 13.27567   0.15257
 13.41286   0.13737
 13.55553   0.12268
 13.69891   0.10908
 13.83607   0.09712
 13.96569   0.08676
 14.08930   0.07768
 14.20845   0.06965
 14.32420   0.06248
 14.43734   0.05605
 14.54842   0.05027
 14.65790   0.04505
 14.76610   0.04033
 14.87332   0.03605
 14.97979   0.03217
 15.08573   0.02865
 15.19131   0.02545
 15.29670   0.02254
 15.40205   0.01989
 15.50748   0.01748
 15.61314   0.01527
 15.71913   0.01326
 15.82559   0.01141
 15.93261   0.00971
 16.04031   0.00815
 16.14879   0.00669
 16.25812   0.00533
 16.36839   0.00404
 16.47962   0.00281
 16.59176   0.00162
 16.70464   0.00045
 16.73134   0.00018
