 0.00010   0.00007
 0.00068   0.00048
 0.00089   0.00063
 0.00110   0.00078
 0.00130   0.00092
 0.00197   0.00139
 0.00229   0.00162
 0.00259   0.00183
 0.00288   0.00203
 0.00317   0.00223
 0.00366   0.00258
 0.00443   0.00313
 0.00490   0.00346
 0.00537   0.00378
 0.00584   0.00412
 0.00659   0.00465
 0.00709   0.00500
 0.00759   0.00535
 0.00869   0.00612
 0.00964   0.00679
 0.01055   0.00744
 0.01154   0.00813
 0.01388   0.00977
 0.01622   0.01141
 0.01942   0.01366
 0.01995   0.01403
 0.02047   0.01440
 0.02108   0.01482
 0.02717   0.01907
 0.02879   0.02021
 0.02976   0.02088
 0.03072   0.02155
 0.03161   0.02217
 0.03465   0.02428
 0.03768   0.02638
 0.03943   0.02760
 0.04087   0.02860
 0.04231   0.02959
 0.04762   0.03326
 0.04981   0.03477
 0.05201   0.03628
 0.05422   0.03780
 0.05737   0.03996
 0.06053   0.04212
 0.06437   0.04475
 0.06779   0.04707
 0.07004   0.04861
 0.07210   0.05000
 0.07845   0.05430
 0.08253   0.05705
 0.08627   0.05956
 0.08926   0.06157
 0.09225   0.06357
 0.09495   0.06537
 0.09988   0.06866
 0.10482   0.07193
 0.10862   0.07444
 0.11243   0.07695
 0.11616   0.07940
 0.11926   0.08142
 0.12236   0.08344
 0.12545   0.08545
 0.12936   0.08799
 0.13327   0.09051
 0.13722   0.09306
 0.14327   0.09693
 0.14916   0.10068
 0.15549   0.10469
 0.15937   0.10713
 0.16324   0.10955
 0.16748   0.11220
 0.17360   0.11600
 0.17973   0.11978
 0.18693   0.12418
 0.19413   0.12855
 0.19926   0.13164
 0.20439   0.13471
 0.20998   0.13804
 0.21789   0.14270
 0.22455   0.14659
 0.22872   0.14900
 0.23289   0.15141
 0.23744   0.15401
 0.24448   0.15802
 0.24960   0.16090
 0.25471   0.16377
 0.25983   0.16661
 0.26495   0.16943
 0.27002   0.17220
 0.27508   0.17495
 0.28022   0.17771
 0.28501   0.18027
 0.28971   0.18277
 0.29442   0.18524
 0.29997   0.18814
 0.30553   0.19102
 0.31629   0.19650
 0.32705   0.20187
 0.33562   0.20608
 0.34419   0.21022
 0.35104   0.21349
 0.35770   0.21661
 0.36995   0.22226
 0.37721   0.22554
 0.38447   0.22877
 0.38947   0.23096
 0.39447   0.23313
 0.40017   0.23557
 0.40587   0.23798
 0.41718   0.24267
 0.42417   0.24551
 0.43116   0.24829
 0.43900   0.25136
 0.44714   0.25448
 0.45527   0.25752
 0.46496   0.26107
 0.47593   0.26496
 0.48924   0.26951
 0.49746   0.27223
 0.50568   0.27488
 0.51487   0.27776
 0.52659   0.28129
 0.53871   0.28480
 0.54848   0.28751
 0.55825   0.29011
 0.57006   0.29313
 0.57988   0.29552
 0.58970   0.29780
 0.59871   0.29981
 0.60773   0.30172
 0.61953   0.30409
 0.63001   0.30607
 0.64050   0.30793
 0.65027   0.30955
 0.65929   0.31095
 0.66832   0.31226
 0.67889   0.31369
 0.68947   0.31499
 0.69896   0.31605
 0.70846   0.31701
 0.72044   0.31809
 0.73151   0.31893
 0.74159   0.31959
 0.75383   0.32024
 0.76514   0.32069
 0.77777   0.32103
 0.79231   0.32120
 0.80668   0.32115
 0.81798   0.32095
 0.82928   0.32062
 0.84392   0.31998
 0.85712   0.31921
 0.87579   0.31781
 0.89267   0.31623
 0.90898   0.31442
 0.92573   0.31228
 0.94003   0.31023
 0.95432   0.30798
 0.96897   0.30546
 0.98747   0.30198
 1.00598   0.29817
 1.02431   0.29408
 1.03858   0.29067
 1.05285   0.28709
 1.06740   0.28324
 1.08777   0.27755
 1.10970   0.27102
 1.13170   0.26407
 1.15167   0.25742
 1.17014   0.25099
 1.21292   0.23511
 1.25675   0.21751
 1.30190   0.19808
 1.34418   0.17881
 1.38334   0.16012
 1.42380   0.14005
 1.46560   0.11864
 1.51108   0.09468
 1.55420   0.07144
 1.59946   0.04665
 1.64303   0.02253
 1.68781  -0.00238
 1.73245  -0.02720
 1.77739  -0.05203
 1.82293  -0.07691
 1.86900  -0.10164
 1.91464  -0.12558
 1.96176  -0.14956
 2.00888  -0.17267
 2.05460  -0.19415
 2.10435  -0.21632
 2.15460  -0.23731
 2.20557  -0.25706
 2.25806  -0.27562
 2.30614  -0.29096
 2.35811  -0.30566
 2.40519  -0.31722
 2.44934  -0.32649
 2.49127  -0.33387
 2.53554  -0.34012
 2.58171  -0.34493
 2.62593  -0.34790
 2.67410  -0.34929
 2.72119  -0.34882
 2.76380  -0.34684
 2.81318  -0.34272
 2.85905  -0.33717
 2.90219  -0.33047
 2.94893  -0.32164
 2.99383  -0.31166
 3.04353  -0.29899
 3.09230  -0.28496
 3.14074  -0.26955
 3.18874  -0.25292
 3.23746  -0.23476
 3.28765  -0.21478
 3.33824  -0.19349
 3.38897  -0.17108
 3.43981  -0.14770
 3.49078  -0.12347
 3.54204  -0.09843
 3.59359  -0.07272
 3.64528  -0.04654
 3.69701  -0.02009
 3.74869   0.00644
 3.80034   0.03291
 3.85252   0.05949
 3.90545   0.08613
 3.95915   0.11268
 4.01362   0.13898
 4.06889   0.16488
 4.12488   0.19016
 4.18168   0.21467
 4.23876   0.23804
 4.29649   0.26025
 4.35493   0.28116
 4.41328   0.30034
 4.47126   0.31764
 4.52871   0.33296
 4.58632   0.34644
 4.64423   0.35804
 4.70120   0.36750
 4.75711   0.37487
 4.81359   0.38037
 4.86922   0.38389
 4.92431   0.38551
 4.97944   0.38529
 5.03392   0.38328
 5.08948   0.37943
 5.14540   0.37377
 5.20266   0.36616
 5.26010   0.35674
 5.31821   0.34546
 5.37737   0.33225
 5.43737   0.31717
 5.49804   0.30029
 5.55926   0.28172
 5.62098   0.26154
 5.68318   0.23985
 5.74594   0.21674
 5.80930   0.19227
 5.87303   0.16668
 5.93710   0.14008
 6.00162   0.11259
 6.06643   0.08441
 6.13158   0.05564
 6.19705   0.02647
 6.26286  -0.00300
 6.32902  -0.03260
 6.39622  -0.06251
 6.46499  -0.09281
 6.53546  -0.12337
 6.60780  -0.15408
 6.68215  -0.18480
 6.75870  -0.21537
 6.83762  -0.24563
 6.91900  -0.27534
 7.00290  -0.30424
 7.08907  -0.33198
 7.17721  -0.35818
 7.26649  -0.38241
 7.35636  -0.40437
 7.44624  -0.42386
 7.53582  -0.44081
 7.62501  -0.45523
 7.71385  -0.46719
 7.80245  -0.47677
 7.89096  -0.48407
 7.97950  -0.48917
 8.06819  -0.49216
 8.15707  -0.49315
 8.24636  -0.49221
 8.33659  -0.48943
 8.42825  -0.48484
 8.52138  -0.47852
 8.61617  -0.47051
 8.71261  -0.46089
 8.81087  -0.44975
 8.91108  -0.43717
 9.01337  -0.42325
 9.11786  -0.40809
 9.22467  -0.39182
 9.33395  -0.37454
 9.44570  -0.35642
 9.55990  -0.33763
 9.67642  -0.31835
 9.79510  -0.29879
 9.91580  -0.27914
 10.03842  -0.25957
 10.16299  -0.24024
 10.28977  -0.22125
 10.41924  -0.20267
 10.55219  -0.18452
 10.68973  -0.16680
 10.83327  -0.14950
 10.98365  -0.13270
 11.13718  -0.11696
 11.28501  -0.10310
 11.42416  -0.09120
 11.55638  -0.08088
 11.68357  -0.07181
 11.80706  -0.06376
 11.92775  -0.05658
 12.04630  -0.05015
 12.16320  -0.04436
 12.27885  -0.03913
 12.39356  -0.03441
 12.50761  -0.03013
 12.62122  -0.02624
 12.73460  -0.02270
 12.84792  -0.01946
 12.96135  -0.01649
 13.07502  -0.01374
 13.18908  -0.01120
 13.30361  -0.00881
 13.41868  -0.00656
 13.53431  -0.00441
 13.65042  -0.00233
 13.76679  -0.00028
 13.82756   0.00078
