 0.00032   0.00000
 0.00047   0.00000
 0.00069   0.00000
 0.00096   0.00000
 0.00130   0.00000
 0.00169   0.00000
 0.00215   0.00000
 0.00269   0.00000
 0.00330   0.00000
 0.00399   0.00000
 0.00476   0.00000
 0.00562   0.00000
 0.00657   0.00000
 0.00760   0.00000
 0.00874   0.00000
 0.00997   0.00000
 0.01130   0.00000
 0.01274   0.00000
 0.01429   0.00000
 0.01594   0.00000
 0.01770   0.00000
 0.01958   0.00000
 0.02158   0.00000
 0.02369   0.00000
 0.02593   0.00000
 0.02830   0.00000
 0.03079   0.00000
 0.03344   0.00000
 0.03619   0.00001
 0.03908   0.00001
 0.04211   0.00001
 0.04525   0.00001
 0.04855   0.00001
 0.05200   0.00002
 0.05560   0.00002
 0.05934   0.00003
 0.06324   0.00003
 0.06726   0.00004
 0.07147   0.00005
 0.07597   0.00005
 0.08050   0.00006
 0.08486   0.00008
 0.08971   0.00009
 0.09473   0.00011
 0.09991   0.00012
 0.10528   0.00014
 0.11082   0.00017
 0.11631   0.00019
 0.12222   0.00023
 0.12866   0.00026
 0.13496   0.00030
 0.14133   0.00035
 0.14826   0.00040
 0.15516   0.00046
 0.16207   0.00052
 0.16913   0.00059
 0.17618   0.00067
 0.18376   0.00076
 0.19204   0.00087
 0.20195   0.00101
 0.21024   0.00113
 0.21837   0.00127
 0.22732   0.00143
 0.23623   0.00160
 0.24513   0.00179
 0.25488   0.00201
 0.26545   0.00226
 0.27617   0.00254
 0.28682   0.00284
 0.29733   0.00316
 0.30769   0.00349
 0.31832   0.00385
 0.32933   0.00426
 0.33919   0.00464
 0.34904   0.00505
 0.35891   0.00547
 0.36878   0.00592
 0.37892   0.00641
 0.38906   0.00692
 0.40190   0.00760
 0.41368   0.00826
 0.42698   0.00905
 0.43539   0.00958
 0.44380   0.01012
 0.45615   0.01095
 0.47293   0.01215
 0.48950   0.01340
 0.50695   0.01481
 0.52357   0.01623
 0.54018   0.01773
 0.55690   0.01933
 0.57685   0.02134
 0.59517   0.02329
 0.61348   0.02535
 0.63484   0.02788
 0.65610   0.03053
 0.67811   0.03344
 0.69587   0.03589
 0.71364   0.03844
 0.73093   0.04103
 0.74670   0.04346
 0.76489   0.04637
 0.78316   0.04940
 0.80709   0.05352
 0.83080   0.05777
 0.84864   0.06109
 0.86649   0.06450
 0.88577   0.06829
 0.90562   0.07231
 0.92584   0.07653
 0.94651   0.08095
 0.96797   0.08567
 0.99106   0.09088
 1.01426   0.09626
 1.03672   0.10159
 1.05848   0.10688
 1.08129   0.11253
 1.09813   0.11678
 1.11498   0.12110
 1.13271   0.12570
 1.15073   0.13043
 1.16940   0.13540
 1.19020   0.14101
 1.21101   0.14669
 1.22870   0.15157
 1.24639   0.15649
 1.26622   0.16206
 1.28749   0.16807
 1.31068   0.17468
 1.33908   0.18284
 1.35951   0.18874
 1.37995   0.19466
 1.40600   0.20222
 1.42945   0.20904
 1.45663   0.21694
 1.48124   0.22408
 1.50652   0.23139
 1.53121   0.23849
 1.55699   0.24584
 1.57888   0.25204
 1.60076   0.25817
 1.62751   0.26558
 1.65415   0.27285
 1.68559   0.28127
 1.71398   0.28870
 1.74139   0.29571
 1.76982   0.30278
 1.80166   0.31044
 1.83002   0.31703
 1.85837   0.32336
 1.88696   0.32949
 1.91404   0.33502
 1.94041   0.34016
 1.96678   0.34503
 1.99333   0.34966
 2.01782   0.35367
 2.04622   0.35799
 2.06974   0.36131
 2.09327   0.36437
 2.11778   0.36729
 2.14598   0.37029
 2.17200   0.37271
 2.19680   0.37470
 2.22325   0.37647
 2.24708   0.37776
 2.27367   0.37884
 2.29957   0.37953
 2.32897   0.37987
 2.35692   0.37975
 2.38237   0.37926
 2.40547   0.37851
 2.43027   0.37736
 2.46672   0.37504
 2.50054   0.37220
 2.53726   0.36839
 2.57045   0.36428
 2.60840   0.35881
 2.64396   0.35296
 2.67993   0.34631
 2.71790   0.33852
 2.75574   0.32999
 2.80590   0.31750
 2.85605   0.30372
 2.90458   0.28920
 2.95310   0.27358
 3.00404   0.25603
 3.05529   0.23728
 3.10698   0.21733
 3.15703   0.19709
 3.20620   0.17641
 3.25487   0.15525
 3.30272   0.13385
 3.34944   0.11247
 3.39505   0.09120
 3.44012   0.06987
 3.48416   0.04881
 3.52732   0.02802
 3.56948   0.00762
 3.61059  -0.01229
 3.65087  -0.03177
 3.69230  -0.05171
 3.73482  -0.07203
 3.77842  -0.09265
 3.82304  -0.11345
 3.86872  -0.13436
 3.91531  -0.15523
 3.96306  -0.17605
 4.01171  -0.19661
 4.06110  -0.21673
 4.11116  -0.23626
 4.16183  -0.25508
 4.21313  -0.27310
 4.26518  -0.29024
 4.31818  -0.30644
 4.37024  -0.32107
 4.42075  -0.33399
 4.47078  -0.34552
 4.52019  -0.35563
 4.56854  -0.36426
 4.61673  -0.37161
 4.66553  -0.37775
 4.71445  -0.38259
 4.76178  -0.38601
 4.80660  -0.38809
 4.85100  -0.38906
 4.89323  -0.38896
 4.93601  -0.38787
 4.98000  -0.38570
 5.02339  -0.38255
 5.07005  -0.37805
 5.11592  -0.37253
 5.16487  -0.36546
 5.21500  -0.35700
 5.26606  -0.34715
 5.31801  -0.33591
 5.37011  -0.32344
 5.42238  -0.30979
 5.47579  -0.29473
 5.53041  -0.27822
 5.58474  -0.26076
 5.63983  -0.24209
 5.69481  -0.22257
 5.75005  -0.20213
 5.80502  -0.18106
 5.85992  -0.15937
 5.91442  -0.13729
 5.96856  -0.11489
 6.02218  -0.09232
 6.07522  -0.06972
 6.12760  -0.04717
 6.17923  -0.02482
 6.22999  -0.00276
 6.27978   0.01887
 6.32960   0.04047
 6.38131   0.06278
 6.43490   0.08572
 6.49036   0.10921
 6.54776   0.13316
 6.60713   0.15749
 6.66857   0.18211
 6.73216   0.20692
 6.79797   0.23178
 6.86616   0.25660
 6.93672   0.28118
 7.00959   0.30532
 7.08448   0.32872
 7.16074   0.35101
 7.23794   0.37195
 7.31537   0.39125
 7.39207   0.40866
 7.46817   0.42424
 7.54366   0.43801
 7.61798   0.44993
 7.69180   0.46018
 7.76458   0.46876
 7.83641   0.47576
 7.90781   0.48130
 7.97870   0.48546
 8.04878   0.48828
 8.11810   0.48986
 8.18672   0.49028
 8.25441   0.48963
 8.32267   0.48796
 8.39282   0.48522
 8.46488   0.48140
 8.53876   0.47649
 8.61466   0.47047
 8.69198   0.46339
 8.77104   0.45527
 8.85173   0.44613
 8.93400   0.43603
 9.01781   0.42503
 9.10321   0.41318
 9.19017   0.40055
 9.27874   0.38720
 9.36882   0.37324
 9.46043   0.35873
 9.55359   0.34376
 9.64823   0.32845
 9.74427   0.31288
 9.84176   0.29714
 9.94068   0.28133
 10.04100   0.26553
 10.14277   0.24983
 10.24607   0.23429
 10.35106   0.21897
 10.45802   0.20390
 10.56735   0.18910
 10.67960   0.17459
 10.79542   0.16036
 10.91532   0.14645
 11.03847   0.13304
 11.16105   0.12057
 11.27863   0.10943
 11.39016   0.09959
 11.49652   0.09085
 11.59879   0.08301
 11.69778   0.07594
 11.79413   0.06953
 11.88829   0.06369
 11.98063   0.05836
 12.07144   0.05348
 12.16095   0.04900
 12.24936   0.04489
 12.33685   0.04112
 12.42354   0.03764
 12.50959   0.03444
 12.59511   0.03150
 12.68019   0.02878
 12.76493   0.02628
 12.84943   0.02397
 12.93375   0.02185
 13.01799   0.01989
 13.10220   0.01809
 13.18647   0.01642
 13.27085   0.01489
 13.35541   0.01348
 13.44021   0.01219
 13.52532   0.01099
 13.61079   0.00989
 13.69669   0.00888
 13.78307   0.00795
 13.87000   0.00710
 13.95754   0.00631
 14.04574   0.00559
 14.13468   0.00492
 14.22442   0.00430
 14.31503   0.00373
 14.40657   0.00320
 14.49913   0.00271
 14.59278   0.00224
 14.68758   0.00181
 14.78359   0.00140
 14.88084   0.00100
 14.97931   0.00061
 15.07890   0.00023
 15.17932  -0.00015
 15.21031  -0.00026
