 0.00018   0.00000
 0.00023   0.00000
 0.00028   0.00000
 0.00034   0.00000
 0.00041   0.00000
 0.00049   0.00000
 0.00059   0.00000
 0.00069   0.00000
 0.00082   0.00000
 0.00096   0.00000
 0.00112   0.00000
 0.00131   0.00000
 0.00151   0.00000
 0.00174   0.00000
 0.00201   0.00000
 0.00230   0.00000
 0.00262   0.00000
 0.00299   0.00000
 0.00339   0.00000
 0.00383   0.00000
 0.00433   0.00000
 0.00487   0.00001
 0.00546   0.00001
 0.00612   0.00001
 0.00684   0.00001
 0.00762   0.00002
 0.00848   0.00002
 0.00941   0.00002
 0.01044   0.00003
 0.01159   0.00003
 0.01279   0.00004
 0.01410   0.00005
 0.01551   0.00006
 0.01704   0.00008
 0.01868   0.00009
 0.02045   0.00011
 0.02228   0.00013
 0.02433   0.00015
 0.02653   0.00018
 0.02889   0.00022
 0.03143   0.00025
 0.03425   0.00030
 0.03716   0.00036
 0.03953   0.00040
 0.04189   0.00045
 0.04469   0.00051
 0.04833   0.00060
 0.05221   0.00070
 0.05648   0.00082
 0.05963   0.00091
 0.06277   0.00101
 0.06674   0.00114
 0.07184   0.00133
 0.07668   0.00151
 0.08242   0.00174
 0.08825   0.00200
 0.09390   0.00226
 0.09921   0.00252
 0.10640   0.00289
 0.11324   0.00327
 0.11845   0.00358
 0.12366   0.00390
 0.12919   0.00425
 0.13830   0.00486
 0.14698   0.00549
 0.15509   0.00610
 0.16372   0.00679
 0.17017   0.00732
 0.17661   0.00788
 0.18650   0.00877
 0.19595   0.00967
 0.20611   0.01068
 0.21675   0.01178
 0.22738   0.01294
 0.23721   0.01406
 0.24688   0.01520
 0.25642   0.01637
 0.26640   0.01763
 0.27761   0.01910
 0.28867   0.02061
 0.30007   0.02221
 0.31197   0.02395
 0.32859   0.02648
 0.33741   0.02786
 0.34622   0.02928
 0.35608   0.03090
 0.36943   0.03316
 0.38224   0.03540
 0.39634   0.03794
 0.40967   0.04040
 0.41778   0.04194
 0.42588   0.04349
 0.43072   0.04444
 0.43508   0.04529
 0.44714   0.04770
 0.45920   0.05015
 0.47060   0.05253
 0.47954   0.05442
 0.48848   0.05634
 0.49931   0.05870
 0.51013   0.06110
 0.52179   0.06373
 0.53346   0.06640
 0.54465   0.06901
 0.55687   0.07191
 0.56825   0.07464
 0.57963   0.07742
 0.59485   0.08119
 0.60870   0.08468
 0.62696   0.08937
 0.63853   0.09239
 0.65010   0.09545
 0.66456   0.09932
 0.67825   0.10303
 0.70002   0.10903
 0.71577   0.11345
 0.72849   0.11705
 0.73966   0.12025
 0.75083   0.12348
 0.76185   0.12669
 0.77888   0.13169
 0.79590   0.13676
 0.81261   0.14178
 0.82906   0.14678
 0.84904   0.15291
 0.86901   0.15912
 0.89038   0.16582
 0.92108   0.17556
 0.95100   0.18518
 0.98008   0.19463
 0.99740   0.20030
 1.01473   0.20600
 1.02874   0.21063
 1.04275   0.21527
 1.05686   0.21996
 1.07482   0.22595
 1.08904   0.23071
 1.10326   0.23547
 1.11761   0.24029
 1.13870   0.24739
 1.16105   0.25493
 1.17774   0.26056
 1.19443   0.26620
 1.20918   0.27118
 1.22392   0.27617
 1.23953   0.28144
 1.26468   0.28992
 1.28797   0.29776
 1.30779   0.30443
 1.32762   0.31107
 1.34960   0.31841
 1.37145   0.32568
 1.38951   0.33167
 1.40758   0.33763
 1.42888   0.34463
 1.45376   0.35274
 1.47934   0.36103
 1.50760   0.37009
 1.52989   0.37717
 1.54950   0.38335
 1.56911   0.38948
 1.59421   0.39725
 1.61902   0.40483
 1.64383   0.41232
 1.67185   0.42066
 1.69764   0.42822
 1.72517   0.43615
 1.74906   0.44293
 1.77295   0.44959
 1.79500   0.45564
 1.81892   0.46209
 1.84812   0.46981
 1.87689   0.47723
 1.90433   0.48414
 1.93854   0.49251
 1.96951   0.49986
 2.00125   0.50715
 2.03438   0.51451
 2.06435   0.52092
 2.09553   0.52736
 2.13122   0.53442
 2.19954   0.54702
 2.25851   0.55691
 2.30300   0.56374
 2.34749   0.57004
 2.38647   0.57512
 2.42545   0.57979
 2.45925   0.58349
 2.49305   0.58689
 2.52443   0.58977
 2.55778   0.59253
 2.59093   0.59498
 2.63106   0.59754
 2.67119   0.59968
 2.71353   0.60148
 2.74986   0.60265
 2.78618   0.60348
 2.82938   0.60403
 2.86852   0.60413
 2.90564   0.60388
 2.95001   0.60314
 2.99154   0.60203
 3.04882   0.59985
 3.12457   0.59586
 3.19349   0.59118
 3.25758   0.58598
 3.32287   0.57988
 3.38668   0.57319
 3.45439   0.56534
 3.52950   0.55581
 3.62382   0.54271
 3.71813   0.52849
 3.80747   0.51413
 3.89615   0.49913
 3.98832   0.48288
 4.08078   0.46603
 4.18572   0.44639
 4.28702   0.42707
 4.38866   0.40748
 4.49080   0.38770
 4.59617   0.36735
 4.70309   0.34687
 4.81273   0.32618
 4.92337   0.30573
 5.03526   0.28557
 5.14848   0.26581
 5.26333   0.24650
 5.38118   0.22750
 5.50200   0.20895
 5.62697   0.19078
 5.75642   0.17308
 5.88973   0.15607
 6.02198   0.14039
 6.14761   0.12659
 6.26670   0.11447
 6.38033   0.10376
 6.48976   0.09419
 6.59594   0.08559
 6.69938   0.07783
 6.80076   0.07079
 6.90032   0.06439
 6.99845   0.05856
 7.09541   0.05325
 7.19136   0.04839
 7.28649   0.04395
 7.38101   0.03989
 7.47501   0.03617
 7.56866   0.03278
 7.66207   0.02967
 7.75531   0.02682
 7.84850   0.02423
 7.94175   0.02185
 8.03511   0.01968
 8.12868   0.01770
 8.22256   0.01590
 8.31680   0.01425
 8.41150   0.01276
 8.50671   0.01140
 8.60253   0.01017
 8.69903   0.00905
 8.79627   0.00804
 8.89435   0.00712
 8.99333   0.00630
 9.09331   0.00556
 9.19435   0.00489
 9.29654   0.00429
 9.39997   0.00376
 9.50474   0.00328
 9.61093   0.00286
 9.71865   0.00249
 9.82800   0.00216
 9.93908   0.00187
 10.05201   0.00161
 10.16690   0.00139
 10.28388   0.00120
 10.40305   0.00104
 10.52453   0.00090
 10.64843   0.00079
 10.77481   0.00070
 10.90369   0.00063
 11.03497   0.00058
 11.16839   0.00056
 11.30338   0.00056
 11.42773   0.00057
