 0.00018   0.00000
 0.00023   0.00000
 0.00028   0.00000
 0.00034   0.00000
 0.00041   0.00000
 0.00049   0.00000
 0.00059   0.00000
 0.00069   0.00000
 0.00082   0.00000
 0.00096   0.00000
 0.00112   0.00000
 0.00131   0.00000
 0.00151   0.00000
 0.00174   0.00000
 0.00201   0.00000
 0.00230   0.00000
 0.00262   0.00000
 0.00299   0.00000
 0.00339   0.00001
 0.00383   0.00001
 0.00433   0.00001
 0.00487   0.00001
 0.00546   0.00001
 0.00612   0.00002
 0.00684   0.00002
 0.00762   0.00003
 0.00848   0.00004
 0.00942   0.00004
 0.01044   0.00005
 0.01159   0.00007
 0.01280   0.00008
 0.01410   0.00010
 0.01551   0.00012
 0.01704   0.00014
 0.01869   0.00017
 0.02046   0.00020
 0.02229   0.00024
 0.02434   0.00029
 0.02655   0.00034
 0.02891   0.00041
 0.03145   0.00048
 0.03423   0.00057
 0.03715   0.00067
 0.03952   0.00076
 0.04190   0.00086
 0.04471   0.00098
 0.04837   0.00114
 0.05227   0.00133
 0.05645   0.00155
 0.05967   0.00173
 0.06289   0.00192
 0.06699   0.00218
 0.07216   0.00253
 0.07750   0.00291
 0.08335   0.00337
 0.08982   0.00390
 0.09649   0.00450
 0.10339   0.00516
 0.11142   0.00598
 0.11757   0.00665
 0.12373   0.00735
 0.12879   0.00796
 0.13386   0.00858
 0.13969   0.00933
 0.14996   0.01073
 0.15787   0.01186
 0.16579   0.01305
 0.17354   0.01427
 0.18136   0.01555
 0.19012   0.01704
 0.19932   0.01867
 0.20844   0.02036
 0.21755   0.02211
 0.22750   0.02410
 0.23739   0.02614
 0.24731   0.02827
 0.25728   0.03048
 0.26735   0.03279
 0.27757   0.03520
 0.28808   0.03775
 0.29913   0.04052
 0.30750   0.04266
 0.31586   0.04485
 0.32521   0.04735
 0.33900   0.05113
 0.35000   0.05422
 0.35854   0.05666
 0.36709   0.05915
 0.37811   0.06241
 0.38997   0.06599
 0.39858   0.06863
 0.40720   0.07130
 0.41864   0.07490
 0.42492   0.07690
 0.42969   0.07842
 0.43446   0.07996
 0.44087   0.08204
 0.44799   0.08437
 0.46244   0.08915
 0.47690   0.09399
 0.48788   0.09771
 0.49887   0.10146
 0.51265   0.10621
 0.52511   0.11053
 0.53789   0.11500
 0.54860   0.11876
 0.55932   0.12254
 0.56929   0.12606
 0.57926   0.12960
 0.59576   0.13545
 0.60849   0.13998
 0.61910   0.14375
 0.62972   0.14751
 0.64663   0.15350
 0.66259   0.15912
 0.67929   0.16496
 0.69511   0.17046
 0.70998   0.17557
 0.72749   0.18154
 0.74492   0.18738
 0.75855   0.19189
 0.77218   0.19633
 0.78838   0.20152
 0.80855   0.20783
 0.82881   0.21399
 0.84950   0.22007
 0.86833   0.22541
 0.88716   0.23056
 0.90608   0.23551
 0.92449   0.24012
 0.93821   0.24341
 0.95193   0.24657
 0.96576   0.24962
 0.97918   0.25245
 0.99260   0.25515
 1.00689   0.25787
 1.02467   0.26103
 1.03850   0.26331
 1.05233   0.26544
 1.06710   0.26753
 1.07994   0.26920
 1.09279   0.27073
 1.10560   0.27211
 1.11919   0.27341
 1.13279   0.27454
 1.14626   0.27550
 1.16297   0.27645
 1.18687   0.27735
 1.20858   0.27770
 1.23043   0.27759
 1.25364   0.27697
 1.27685   0.27581
 1.29930   0.27419
 1.32365   0.27186
 1.34935   0.26878
 1.37291   0.26538
 1.39414   0.26184
 1.41656   0.25764
 1.44119   0.25247
 1.46980   0.24574
 1.49984   0.23786
 1.52987   0.22916
 1.56055   0.21947
 1.59529   0.20754
 1.63628   0.19223
 1.67418   0.17697
 1.71522   0.15933
 1.75514   0.14116
 1.79445   0.12242
 1.83357   0.10303
 1.87181   0.08348
 1.90906   0.06397
 1.94559   0.04450
 1.98238   0.02466
 2.01887   0.00484
 2.05501  -0.01481
 2.09101  -0.03431
 2.12728  -0.05378
 2.16375  -0.07307
 2.20065  -0.09219
 2.23755  -0.11082
 2.27427  -0.12877
 2.31221  -0.14659
 2.34981  -0.16343
 2.38639  -0.17894
 2.42320  -0.19359
 2.46141  -0.20770
 2.49798  -0.22009
 2.53298  -0.23086
 2.57067  -0.24122
 2.60559  -0.24961
 2.64074  -0.25686
 2.67487  -0.26271
 2.70995  -0.26747
 2.74269  -0.27075
 2.77767  -0.27301
 2.80929  -0.27393
 2.84062  -0.27379
 2.87232  -0.27259
 2.90605  -0.27015
 2.93833  -0.26669
 2.97064  -0.26216
 3.00405  -0.25636
 3.03951  -0.24901
 3.07343  -0.24084
 3.10966  -0.23095
 3.14456  -0.22032
 3.18108  -0.20810
 3.21722  -0.19496
 3.25333  -0.18088
 3.29077  -0.16532
 3.32792  -0.14902
 3.36515  -0.13190
 3.40298  -0.11380
 3.44089  -0.09506
 3.47868  -0.07586
 3.51640  -0.05629
 3.55409  -0.03644
 3.59166  -0.01646
 3.62902   0.00350
 3.66617   0.02333
 3.70351   0.04313
 3.74121   0.06290
 3.77926   0.08253
 3.81763   0.10187
 3.85628   0.12080
 3.89521   0.13921
 3.93438   0.15695
 3.97370   0.17389
 4.01300   0.18984
 4.05213   0.20468
 4.09097   0.21830
 4.12939   0.23061
 4.16731   0.24157
 4.20481   0.25120
 4.24231   0.25957
 4.27921   0.26656
 4.31534   0.27215
 4.35133   0.27649
 4.38674   0.27953
 4.42150   0.28132
 4.45605   0.28193
 4.49004   0.28139
 4.52395   0.27973
 4.55882   0.27687
 4.59363   0.27285
 4.62939   0.26755
 4.66518   0.26106
 4.70171   0.25327
 4.73863   0.24423
 4.77587   0.23397
 4.81374   0.22241
 4.85217   0.20958
 4.89092   0.19559
 4.93001   0.18049
 4.96941   0.16434
 5.00911   0.14721
 5.04905   0.12920
 5.08915   0.11043
 5.12935   0.09104
 5.16957   0.07115
 5.20974   0.05092
 5.24981   0.03047
 5.28973   0.00994
 5.32947  -0.01055
 5.36901  -0.03089
 5.40899  -0.05129
 5.44940  -0.07165
 5.49024  -0.09185
 5.53149  -0.11175
 5.57310  -0.13123
 5.61504  -0.15014
 5.65723  -0.16833
 5.69952  -0.18563
 5.74180  -0.20190
 5.78402  -0.21704
 5.82608  -0.23095
 5.86783  -0.24351
 5.90914  -0.25467
 5.95001  -0.26443
 5.99044  -0.27276
 6.03041  -0.27969
 6.06990  -0.28522
 6.10890  -0.28939
 6.14742  -0.29222
 6.18549  -0.29377
 6.22320  -0.29406
 6.26048  -0.29315
 6.29795  -0.29104
 6.33590  -0.28769
 6.37445  -0.28306
 6.41358  -0.27712
 6.45321  -0.26987
 6.49335  -0.26129
 6.53402  -0.25138
 6.57521  -0.24015
 6.61689  -0.22761
 6.65900  -0.21382
 6.70153  -0.19882
 6.74448  -0.18266
 6.78780  -0.16541
 6.83136  -0.14722
 6.87513  -0.12816
 6.91904  -0.10838
 6.96298  -0.08801
 7.00691  -0.06720
 7.05077  -0.04607
 7.09450  -0.02477
 7.13807  -0.00341
 7.18146   0.01786
 7.22490   0.03908
 7.26887   0.06036
 7.31340   0.08160
 7.35847   0.10267
 7.40407   0.12345
 7.45017   0.14379
 7.49670   0.16353
 7.54360   0.18253
 7.59075   0.20062
 7.63800   0.21763
 7.68525   0.23344
 7.73237   0.24794
 7.77922   0.26102
 7.82570   0.27262
 7.87181   0.28273
 7.91744   0.29132
 7.96259   0.29839
 8.00727   0.30397
 8.05144   0.30809
 8.09514   0.31079
 8.13839   0.31209
 8.18114   0.31206
 8.22348   0.31074
 8.26642   0.30810
 8.30995   0.30411
 8.35405   0.29874
 8.39879   0.29197
 8.44410   0.28379
 8.49004   0.27418
 8.53654   0.26316
 8.58363   0.25074
 8.63126   0.23695
 8.67940   0.22184
 8.72799   0.20548
 8.77698   0.18795
 8.82632   0.16933
 8.87592   0.14975
 8.92571   0.12933
 8.97560   0.10821
 9.02554   0.08652
 9.07546   0.06440
 9.12531   0.04199
 9.17506   0.01942
 9.22469  -0.00319
 9.27417  -0.02572
 9.32406  -0.04831
 9.37472  -0.07101
 9.42616  -0.09371
 9.47840  -0.11628
 9.53145  -0.13859
 9.58529  -0.16049
 9.63987  -0.18183
 9.69512  -0.20243
 9.75094  -0.22211
 9.80715  -0.24068
 9.86360  -0.25798
 9.92009  -0.27387
 9.97647  -0.28822
 10.03260  -0.30095
 10.08837  -0.31202
 10.14371  -0.32140
 10.19860  -0.32911
 10.25301  -0.33515
 10.30695  -0.33955
 10.36043  -0.34236
 10.41347  -0.34362
 10.46608  -0.34338
 10.51847  -0.34169
 10.57162  -0.33850
 10.62555  -0.33379
 10.68025  -0.32754
 10.73573  -0.31973
 10.79197  -0.31034
 10.84896  -0.29939
 10.90669  -0.28690
 10.96511  -0.27290
 11.02419  -0.25743
 11.08388  -0.24056
 11.14412  -0.22237
 11.20486  -0.20295
 11.26604  -0.18241
 11.32758  -0.16086
 11.38945  -0.13843
 11.45159  -0.11524
 11.51396  -0.09142
 11.57654  -0.06709
 11.63930  -0.04238
 11.70223  -0.01740
 11.76534   0.00772
 11.82864   0.03288
 11.89317   0.05839
 11.95925   0.08424
 12.02703   0.11034
 12.09663   0.13661
 12.16822   0.16294
 12.24195   0.18919
 12.31796   0.21523
 12.39639   0.24088
 12.47724   0.26592
 12.56039   0.29009
 12.64547   0.31304
 12.73186   0.33444
 12.81887   0.35400
 12.90592   0.37151
 12.99265   0.38690
 13.07892   0.40016
 13.16474   0.41135
 13.25022   0.42054
 13.33544   0.42780
 13.42055   0.43321
 13.50565   0.43685
 13.59088   0.43879
 13.67633   0.43910
 13.76212   0.43787
 13.84911   0.43514
 13.93754   0.43093
 14.02749   0.42529
 14.11900   0.41827
 14.21215   0.40992
 14.30702   0.40032
 14.40372   0.38953
 14.50236   0.37762
 14.60304   0.36469
 14.70588   0.35083
 14.81095   0.33613
 14.91830   0.32072
 15.02790   0.30473
 15.13966   0.28831
 15.25347   0.27160
 15.36918   0.25478
 15.48673   0.23798
 15.60610   0.22132
 15.72743   0.20492
 15.85105   0.18882
 15.97753   0.17308
 16.10770   0.15770
 16.24267   0.14268
 16.38362   0.12804
 16.53006   0.11394
 16.67618   0.10103
 16.81526   0.08977
 16.94672   0.08002
 17.07230   0.07150
 17.19354   0.06397
 17.31150   0.05727
 17.42695   0.05127
 17.54043   0.04588
 17.65239   0.04103
 17.76316   0.03666
 17.87304   0.03272
 17.98226   0.02916
 18.09103   0.02595
 18.19954   0.02304
 18.30795   0.02041
 18.41642   0.01804
 18.52508   0.01590
 18.63408   0.01397
 18.74354   0.01222
 18.85359   0.01064
 18.96434   0.00921
 19.07592   0.00792
 19.18846   0.00675
 19.30207   0.00569
 19.41690   0.00471
 19.53305   0.00382
 19.65067   0.00299
 19.76986   0.00222
 19.89071   0.00148
 20.01320   0.00077
 20.13717   0.00007
 20.24493  -0.00053
