 0.00032   0.00000
 0.00047   0.00000
 0.00069   0.00000
 0.00096   0.00000
 0.00130   0.00000
 0.00169   0.00000
 0.00215   0.00000
 0.00269   0.00000
 0.00330   0.00000
 0.00399   0.00000
 0.00476   0.00000
 0.00562   0.00000
 0.00657   0.00000
 0.00760   0.00000
 0.00874   0.00000
 0.00997   0.00000
 0.01130   0.00000
 0.01274   0.00000
 0.01429   0.00000
 0.01594   0.00000
 0.01770   0.00000
 0.01958   0.00000
 0.02158   0.00000
 0.02370   0.00000
 0.02593   0.00000
 0.02830   0.00001
 0.03079   0.00001
 0.03344   0.00001
 0.03620   0.00001
 0.03909   0.00001
 0.04211   0.00002
 0.04526   0.00002
 0.04856   0.00003
 0.05201   0.00003
 0.05561   0.00004
 0.05936   0.00005
 0.06326   0.00006
 0.06730   0.00007
 0.07151   0.00009
 0.07601   0.00010
 0.08055   0.00012
 0.08497   0.00014
 0.08983   0.00017
 0.09487   0.00020
 0.10007   0.00023
 0.10539   0.00027
 0.11096   0.00032
 0.11677   0.00037
 0.12271   0.00043
 0.12906   0.00050
 0.13540   0.00057
 0.14185   0.00066
 0.14942   0.00077
 0.15640   0.00088
 0.16353   0.00100
 0.17121   0.00115
 0.17859   0.00130
 0.18647   0.00148
 0.19438   0.00168
 0.20286   0.00190
 0.21291   0.00219
 0.22297   0.00251
 0.23365   0.00288
 0.24435   0.00329
 0.25520   0.00373
 0.26601   0.00421
 0.27673   0.00473
 0.28731   0.00527
 0.29773   0.00585
 0.30839   0.00648
 0.31948   0.00718
 0.32907   0.00781
 0.33865   0.00849
 0.34913   0.00927
 0.35962   0.01009
 0.37252   0.01116
 0.38675   0.01242
 0.40441   0.01410
 0.41797   0.01548
 0.42540   0.01627
 0.43089   0.01687
 0.43638   0.01748
 0.45314   0.01942
 0.46678   0.02110
 0.48042   0.02286
 0.49360   0.02464
 0.50713   0.02655
 0.52507   0.02920
 0.54301   0.03200
 0.55796   0.03445
 0.57291   0.03699
 0.58806   0.03967
 0.61086   0.04390
 0.62724   0.04707
 0.64361   0.05036
 0.65940   0.05364
 0.67822   0.05768
 0.69704   0.06186
 0.71621   0.06626
 0.73512   0.07074
 0.75337   0.07519
 0.77457   0.08050
 0.79377   0.08543
 0.81004   0.08970
 0.82631   0.09405
 0.84393   0.09884
 0.85953   0.10315
 0.87513   0.10751
 0.88924   0.11151
 0.90335   0.11554
 0.91836   0.11987
 0.93886   0.12584
 0.95937   0.13187
 0.97802   0.13739
 0.99668   0.14294
 1.01676   0.14893
 1.03643   0.15480
 1.05598   0.16063
 1.07533   0.16639
 1.09434   0.17202
 1.11279   0.17744
 1.13071   0.18267
 1.14912   0.18798
 1.16910   0.19367
 1.18908   0.19927
 1.20875   0.20469
 1.22842   0.20998
 1.25047   0.21577
 1.27427   0.22182
 1.29807   0.22764
 1.31801   0.23233
 1.33794   0.23683
 1.36011   0.24160
 1.38372   0.24639
 1.40733   0.25086
 1.43120   0.25505
 1.44990   0.25808
 1.46861   0.26087
 1.49088   0.26389
 1.51290   0.26654
 1.53293   0.26863
 1.55302   0.27043
 1.57385   0.27196
 1.59709   0.27327
 1.62029   0.27414
 1.63898   0.27451
 1.65767   0.27459
 1.67849   0.27432
 1.70136   0.27360
 1.72461   0.27240
 1.74642   0.27083
 1.76992   0.26867
 1.79695   0.26558
 1.82237   0.26207
 1.84774   0.25799
 1.87555   0.25286
 1.90189   0.24737
 1.93373   0.23993
 1.96502   0.23178
 1.99630   0.22280
 2.02617   0.21350
 2.05628   0.20340
 2.08706   0.19238
 2.11887   0.18028
 2.15201   0.16694
 2.18898   0.15124
 2.22309   0.13605
 2.25941   0.11921
 2.29365   0.10278
 2.32862   0.08552
 2.36234   0.06848
 2.39593   0.05121
 2.42887   0.03405
 2.46131   0.01701
 2.49325   0.00015
 2.52468  -0.01643
 2.55602  -0.03290
 2.58770  -0.04941
 2.61970  -0.06590
 2.65202  -0.08227
 2.68474  -0.09848
 2.71777  -0.11442
 2.75081  -0.12986
 2.78419  -0.14486
 2.81811  -0.15945
 2.85135  -0.17301
 2.88502  -0.18595
 2.91872  -0.19804
 2.95143  -0.20889
 2.98452  -0.21894
 3.01766  -0.22802
 3.04907  -0.23567
 3.08007  -0.24230
 3.11072  -0.24790
 3.14121  -0.25253
 3.17145  -0.25616
 3.20125  -0.25881
 3.23036  -0.26047
 3.25844  -0.26122
 3.28551  -0.26114
 3.31172  -0.26031
 3.34019  -0.25858
 3.36822  -0.25603
 3.39649  -0.25262
 3.42512  -0.24833
 3.45460  -0.24303
 3.48501  -0.23666
 3.51575  -0.22930
 3.54666  -0.22101
 3.57791  -0.21175
 3.60969  -0.20146
 3.64198  -0.19015
 3.67502  -0.17774
 3.70824  -0.16446
 3.74143  -0.15046
 3.77496  -0.13562
 3.80855  -0.12014
 3.84196  -0.10419
 3.87534  -0.08778
 3.90847  -0.07110
 3.94131  -0.05425
 3.97384  -0.03733
 4.00602  -0.02043
 4.03781  -0.00366
 4.06919   0.01292
 4.10041   0.02936
 4.13206   0.04590
 4.16413   0.06248
 4.19663   0.07902
 4.22953   0.09542
 4.26281   0.11158
 4.29647   0.12743
 4.33037   0.14281
 4.36450   0.15763
 4.39885   0.17181
 4.43309   0.18514
 4.46744   0.19765
 4.50138   0.20910
 4.53516   0.21955
 4.56860   0.22892
 4.60145   0.23715
 4.63399   0.24430
 4.66616   0.25038
 4.69749   0.25531
 4.72824   0.25921
 4.75845   0.26210
 4.78809   0.26404
 4.81714   0.26505
 4.84556   0.26521
 4.87333   0.26455
 4.90190   0.26306
 4.93096   0.26069
 4.96051   0.25740
 4.99057   0.25317
 5.02119   0.24796
 5.05240   0.24173
 5.08421   0.23445
 5.11652   0.22613
 5.14911   0.21682
 5.18221   0.20647
 5.21585   0.19507
 5.24980   0.18272
 5.28405   0.16946
 5.31865   0.15529
 5.35332   0.14040
 5.38814   0.12480
 5.42288   0.10868
 5.45755   0.09210
 5.49200   0.07521
 5.52622   0.05811
 5.56013   0.04091
 5.59370   0.02372
 5.62689   0.00662
 5.65969  -0.01031
 5.69219  -0.02703
 5.72517  -0.04390
 5.75863  -0.06084
 5.79257  -0.07776
 5.82698  -0.09459
 5.86183  -0.11122
 5.89711  -0.12755
 5.93274  -0.14346
 5.96869  -0.15885
 6.00481  -0.17358
 6.04108  -0.18755
 6.07730  -0.20062
 6.11335  -0.21269
 6.14922  -0.22374
 6.18468  -0.23366
 6.21979  -0.24245
 6.25435  -0.25009
 6.28848  -0.25660
 6.32198  -0.26197
 6.35498  -0.26626
 6.38739  -0.26949
 6.41916  -0.27170
 6.45032  -0.27295
 6.48088  -0.27329
 6.51082  -0.27276
 6.54091  -0.27139
 6.57166  -0.26912
 6.60305  -0.26590
 6.63508  -0.26170
 6.66765  -0.25649
 6.70076  -0.25025
 6.73446  -0.24294
 6.76875  -0.23456
 6.80351  -0.22511
 6.83882  -0.21458
 6.87453  -0.20302
 6.91070  -0.19044
 6.94719  -0.17691
 6.98393  -0.16250
 7.02089  -0.14727
 7.05792  -0.13135
 7.09493  -0.11485
 7.13186  -0.09788
 7.16860  -0.08056
 7.20509  -0.06301
 7.24128  -0.04534
 7.27711  -0.02765
 7.31256  -0.01004
 7.34762   0.00741
 7.38225   0.02463
 7.41735   0.04199
 7.45302   0.05945
 7.48923   0.07694
 7.52599   0.09436
 7.56328   0.11163
 7.60107   0.12864
 7.63932   0.14527
 7.67796   0.16141
 7.71691   0.17692
 7.75606   0.19167
 7.79528   0.20556
 7.83445   0.21846
 7.87342   0.23029
 7.91209   0.24098
 7.95034   0.25049
 7.98811   0.25880
 8.02535   0.26591
 8.06205   0.27185
 8.09817   0.27663
 8.13367   0.28029
 8.16859   0.28287
 8.20284   0.28443
 8.23648   0.28500
 8.26942   0.28466
 8.30222   0.28342
 8.33575   0.28125
 8.36996   0.27809
 8.40482   0.27391
 8.44035   0.26868
 8.47650   0.26236
 8.51328   0.25493
 8.55067   0.24638
 8.58862   0.23671
 8.62711   0.22593
 8.66610   0.21406
 8.70554   0.20113
 8.74536   0.18720
 8.78548   0.17234
 8.82579   0.15664
 8.86621   0.14020
 8.90662   0.12314
 8.94694   0.10559
 8.98708   0.08765
 9.02697   0.06945
 9.06655   0.05110
 9.10577   0.03270
 9.14460   0.01436
 9.18301  -0.00383
 9.22097  -0.02181
 9.25928  -0.03986
 9.29825  -0.05807
 9.33788  -0.07636
 9.37817  -0.09463
 9.41912  -0.11280
 9.46071  -0.13077
 9.50291  -0.14841
 9.54566  -0.16560
 9.58887  -0.18222
 9.63244  -0.19811
 9.67624  -0.21315
 9.72010  -0.22721
 9.76387  -0.24018
 9.80741  -0.25197
 9.85059  -0.26252
 9.89331  -0.27180
 9.93550  -0.27981
 9.97712  -0.28655
 10.01813  -0.29205
 10.05851  -0.29634
 10.09825  -0.29946
 10.13733  -0.30145
 10.17573  -0.30238
 10.21345  -0.30230
 10.25059  -0.30125
 10.28852  -0.29921
 10.32724  -0.29613
 10.36673  -0.29195
 10.40696  -0.28666
 10.44792  -0.28020
 10.48959  -0.27258
 10.53194  -0.26376
 10.57495  -0.25375
 10.61858  -0.24256
 10.66277  -0.23021
 10.70747  -0.21674
 10.75259  -0.20221
 10.79805  -0.18669
 10.84374  -0.17028
 10.88957  -0.15308
 10.93543  -0.13521
 10.98121  -0.11678
 11.02683  -0.09792
 11.07222  -0.07875
 11.11731  -0.05938
 11.16206  -0.03992
 11.20641  -0.02048
 11.25034  -0.00114
 11.29382   0.01800
 11.33742   0.03713
 11.38190   0.05650
 11.42726   0.07604
 11.47351   0.09566
 11.52067   0.11527
 11.56874   0.13476
 11.61771   0.15403
 11.66754   0.17295
 11.71818   0.19137
 11.76951   0.20915
 11.82141   0.22613
 11.87369   0.24215
 11.92614   0.25706
 11.97854   0.27074
 12.03072   0.28309
 12.08252   0.29407
 12.13382   0.30364
 12.18455   0.31179
 12.23464   0.31855
 12.28409   0.32395
 12.33287   0.32803
 12.38097   0.33083
 12.42839   0.33241
 12.47511   0.33283
 12.52109   0.33214
 12.56746   0.33035
 12.61482   0.32742
 12.66312   0.32329
 12.71238   0.31792
 12.76257   0.31129
 12.81366   0.30337
 12.86561   0.29414
 12.91839   0.28362
 12.97195   0.27181
 13.02623   0.25874
 13.08115   0.24445
 13.13663   0.22901
 13.19258   0.21249
 13.24890   0.19498
 13.30550   0.17658
 13.36227   0.15739
 13.41914   0.13753
 13.47601   0.11712
 13.53282   0.09628
 13.58951   0.07510
 13.64603   0.05370
 13.70233   0.03219
 13.75838   0.01066
 13.81413  -0.01080
 13.86955  -0.03209
 13.92653  -0.05387
 13.98513  -0.07607
 14.04544  -0.09863
 14.10754  -0.12148
 14.17156  -0.14453
 14.23761  -0.16770
 14.30581  -0.19089
 14.37629  -0.21396
 14.44913  -0.23678
 14.52430  -0.25914
 14.60161  -0.28080
 14.68063  -0.30148
 14.76071  -0.32085
 14.84114  -0.33865
 14.92137  -0.35474
 15.00109  -0.36905
 15.08017  -0.38158
 15.15861  -0.39238
 15.23646  -0.40152
 15.31384  -0.40906
 15.39081  -0.41507
 15.46742  -0.41962
 15.54376  -0.42277
 15.61990  -0.42460
 15.69586  -0.42517
 15.77170  -0.42454
 15.84834  -0.42277
 15.92655  -0.41984
 16.00639  -0.41576
 16.08781  -0.41056
 16.17078  -0.40426
 16.25534  -0.39689
 16.34153  -0.38850
 16.42934  -0.37914
 16.51883  -0.36887
 16.61005  -0.35775
 16.70302  -0.34585
 16.79779  -0.33325
 16.89441  -0.32002
 16.99283  -0.30628
 17.09305  -0.29210
 17.19501  -0.27761
 17.29865  -0.26291
 17.40393  -0.24810
 17.51080  -0.23329
 17.61928  -0.21857
 17.72944  -0.20401
 17.84150  -0.18968
 17.95578  -0.17561
 18.07281  -0.16183
 18.19329  -0.14834
 18.31812  -0.13513
 18.44785  -0.12225
 18.58093  -0.10996
 18.71196  -0.09874
 18.83665  -0.08887
 18.95498  -0.08022
 19.06827  -0.07256
 19.17767  -0.06572
 19.28405  -0.05957
 19.38802  -0.05402
 19.49005  -0.04899
 19.59051  -0.04443
 19.68968  -0.04028
 19.78782  -0.03650
 19.88513  -0.03305
 19.98179  -0.02990
 20.07796  -0.02703
 20.17376  -0.02441
 20.26934  -0.02202
 20.36479  -0.01984
 20.46024  -0.01786
 20.55578  -0.01605
 20.65150  -0.01440
 20.74750  -0.01290
 20.84386  -0.01154
 20.94066  -0.01030
 21.03800  -0.00918
 21.13594  -0.00816
 21.23459  -0.00724
 21.33401  -0.00641
 21.43429  -0.00566
 21.53552  -0.00499
 21.63778  -0.00438
 21.74117  -0.00384
 21.84576  -0.00336
 21.95167  -0.00292
 22.05899  -0.00254
 22.16782  -0.00219
 22.27828  -0.00189
 22.39048  -0.00162
 22.50454  -0.00139
 22.62060  -0.00118
 22.73881  -0.00100
 22.85931  -0.00084
 22.98227  -0.00070
 23.10787  -0.00058
 23.23632  -0.00048
 23.36783  -0.00039
 23.50266  -0.00031
 23.64111  -0.00024
 23.78349  -0.00018
 23.93022  -0.00013
 24.08176  -0.00008
 24.23863  -0.00004
 24.40130   0.00001
 24.49636   0.00003
