 0.00010   0.00007
 0.00018   0.00012
 0.00024   0.00016
 0.00031   0.00021
 0.00039   0.00026
 0.00047   0.00031
 0.00057   0.00038
 0.00070   0.00047
 0.00085   0.00057
 0.00100   0.00067
 0.00121   0.00082
 0.00161   0.00108
 0.00193   0.00130
 0.00214   0.00144
 0.00234   0.00158
 0.00287   0.00194
 0.00322   0.00217
 0.00357   0.00241
 0.00388   0.00262
 0.00418   0.00282
 0.00464   0.00313
 0.00550   0.00371
 0.00597   0.00402
 0.00644   0.00434
 0.00688   0.00464
 0.00732   0.00494
 0.00782   0.00528
 0.00879   0.00592
 0.00970   0.00654
 0.01045   0.00704
 0.01119   0.00754
 0.01865   0.01255
 0.01999   0.01344
 0.02132   0.01433
 0.02299   0.01545
 0.02780   0.01866
 0.02908   0.01952
 0.02994   0.02009
 0.03079   0.02065
 0.03184   0.02135
 0.03514   0.02354
 0.03844   0.02573
 0.04214   0.02817
 0.04584   0.03061
 0.04905   0.03273
 0.05122   0.03416
 0.05340   0.03558
 0.05630   0.03748
 0.05919   0.03937
 0.06128   0.04073
 0.06336   0.04209
 0.06668   0.04424
 0.07000   0.04639
 0.07527   0.04979
 0.07969   0.05262
 0.08410   0.05545
 0.08827   0.05811
 0.09220   0.06060
 0.09612   0.06308
 0.09954   0.06523
 0.10296   0.06738
 0.10640   0.06953
 0.10968   0.07158
 0.11296   0.07361
 0.11667   0.07591
 0.11998   0.07795
 0.12330   0.07998
 0.12748   0.08254
 0.13012   0.08414
 0.13251   0.08559
 0.13778   0.08877
 0.14304   0.09193
 0.14870   0.09529
 0.15300   0.09783
 0.15692   0.10014
 0.16477   0.10471
 0.16977   0.10760
 0.17478   0.11047
 0.17908   0.11292
 0.18338   0.11535
 0.18784   0.11785
 0.19424   0.12141
 0.20007   0.12462
 0.20598   0.12784
 0.21473   0.13255
 0.21950   0.13509
 0.22427   0.13760
 0.22948   0.14031
 0.23468   0.14300
 0.24105   0.14625
 0.24780   0.14965
 0.25454   0.15300
 0.26102   0.15617
 0.26740   0.15924
 0.27471   0.16271
 0.27941   0.16491
 0.28411   0.16709
 0.28948   0.16954
 0.29484   0.17196
 0.29935   0.17396
 0.30386   0.17595
 0.30983   0.17854
 0.31976   0.18275
 0.32968   0.18684
 0.33860   0.19041
 0.34751   0.19389
 0.35674   0.19738
 0.36531   0.20053
 0.37536   0.20410
 0.38632   0.20785
 0.39710   0.21138
 0.40750   0.21464
 0.41708   0.21752
 0.42401   0.21952
 0.42803   0.22066
 0.43206   0.22177
 0.43611   0.22287
 0.44786   0.22593
 0.45920   0.22870
 0.46779   0.23069
 0.47638   0.23257
 0.48568   0.23449
 0.49814   0.23687
 0.50733   0.23849
 0.51653   0.23999
 0.52626   0.24145
 0.53767   0.24299
 0.54942   0.24439
 0.55990   0.24546
 0.57038   0.24638
 0.58017   0.24711
 0.58843   0.24761
 0.59669   0.24801
 0.60709   0.24838
 0.61842   0.24862
 0.62900   0.24867
 0.63958   0.24856
 0.64850   0.24835
 0.65741   0.24803
 0.66915   0.24744
 0.68248   0.24654
 0.69505   0.24546
 0.70757   0.24418
 0.71818   0.24292
 0.72879   0.24152
 0.73918   0.24000
 0.74957   0.23833
 0.76651   0.23532
 0.78261   0.23211
 0.79979   0.22833
 0.82042   0.22330
 0.84106   0.21777
 0.86043   0.21211
 0.88092   0.20567
 0.90141   0.19877
 0.92047   0.19195
 0.93966   0.18472
 0.95885   0.17712
 0.98239   0.16734
 1.00370   0.15806
 1.02810   0.14698
 1.05250   0.13545
 1.07494   0.12448
 1.09902   0.11234
 1.12820   0.09719
 1.15771   0.08144
 1.18801   0.06490
 1.21973   0.04726
 1.25326   0.02834
 1.28829   0.00842
 1.32281  -0.01127
 1.35740  -0.03093
 1.39232  -0.05059
 1.42754  -0.07011
 1.46223  -0.08892
 1.49822  -0.10788
 1.53243  -0.12527
 1.56931  -0.14321
 1.60313  -0.15884
 1.64091  -0.17526
 1.67540  -0.18920
 1.71134  -0.20257
 1.74603  -0.21430
 1.77927  -0.22438
 1.81069  -0.23283
 1.84369  -0.24053
 1.87539  -0.24676
 1.90709  -0.25183
 1.93659  -0.25548
 1.96543  -0.25803
 1.99459  -0.25960
 2.02332  -0.26014
 2.05205  -0.25969
 2.08198  -0.25815
 2.11192  -0.25555
 2.14250  -0.25180
 2.17308  -0.24697
 2.20573  -0.24064
 2.23783  -0.23327
 2.26945  -0.22495
 2.30187  -0.21535
 2.33687  -0.20383
 2.37010  -0.19185
 2.40416  -0.17858
 2.44076  -0.16329
 2.47601  -0.14763
 2.51173  -0.13093
 2.54804  -0.11319
 2.58408  -0.09492
 2.62113  -0.07558
 2.65788  -0.05594
 2.69462  -0.03596
 2.73155  -0.01568
 2.76839   0.00466
 2.80516   0.02492
 2.84212   0.04514
 2.87940   0.06527
 2.91692   0.08513
 2.95466   0.10458
 2.99270   0.12355
 3.03081   0.14177
 3.06871   0.15903
 3.10632   0.17519
 3.14394   0.19031
 3.18182   0.20438
 3.21891   0.21696
 3.25518   0.22805
 3.29170   0.23795
 3.32758   0.24638
 3.36252   0.25332
 3.39785   0.25904
 3.43200   0.26329
 3.46641   0.26629
 3.49992   0.26796
 3.53306   0.26841
 3.56672   0.26762
 3.59950   0.26567
 3.63278   0.26249
 3.66715   0.25798
 3.70114   0.25230
 3.73590   0.24527
 3.77101   0.23697
 3.80656   0.22736
 3.84241   0.21652
 3.87901   0.20430
 3.91570   0.19096
 3.95304   0.17634
 3.99085   0.16054
 4.02885   0.14376
 4.06713   0.12603
 4.10573   0.10742
 4.14462   0.08804
 4.18370   0.06804
 4.22284   0.04761
 4.26200   0.02689
 4.30113   0.00603
 4.34018  -0.01483
 4.37924  -0.03560
 4.41864  -0.05635
 4.45838  -0.07694
 4.49841  -0.09722
 4.53868  -0.11703
 4.57913  -0.13620
 4.61965  -0.15458
 4.66016  -0.17201
 4.70056  -0.18834
 4.74076  -0.20347
 4.78067  -0.21730
 4.82024  -0.22975
 4.85938  -0.24077
 4.89809  -0.25035
 4.93635  -0.25849
 4.97429  -0.26520
 5.01196  -0.27051
 5.04909  -0.27439
 5.08570  -0.27689
 5.12205  -0.27806
 5.15804  -0.27794
 5.19361  -0.27656
 5.22982  -0.27389
 5.26622  -0.26994
 5.30310  -0.26465
 5.34051  -0.25801
 5.37824  -0.25003
 5.41638  -0.24071
 5.45505  -0.23003
 5.49424  -0.21800
 5.53390  -0.20466
 5.57398  -0.19006
 5.61447  -0.17425
 5.65535  -0.15731
 5.69655  -0.13934
 5.73803  -0.12044
 5.77972  -0.10075
 5.82159  -0.08039
 5.86358  -0.05950
 5.90563  -0.03824
 5.94766  -0.01676
 5.98963   0.00479
 6.03152   0.02627
 6.07368   0.04773
 6.11624   0.06912
 6.15920   0.09030
 6.20251   0.11111
 6.24613   0.13140
 6.28999   0.15100
 6.33397   0.16973
 6.37801   0.18745
 6.42194   0.20400
 6.46570   0.21926
 6.50920   0.23314
 6.55232   0.24555
 6.59507   0.25647
 6.63744   0.26588
 6.67932   0.27375
 6.72075   0.28010
 6.76176   0.28496
 6.80237   0.28836
 6.84259   0.29032
 6.88243   0.29088
 6.92191   0.29009
 6.96148   0.28796
 7.00149   0.28446
 7.04196   0.27956
 7.08290   0.27325
 7.12434   0.26552
 7.16629   0.25635
 7.20871   0.24576
 7.25159   0.23377
 7.29499   0.22039
 7.33888   0.20567
 7.38318   0.18969
 7.42792   0.17249
 7.47301   0.15418
 7.51844   0.13486
 7.56411   0.11466
 7.60999   0.09371
 7.65599   0.07217
 7.70206   0.05018
 7.74814   0.02790
 7.79420   0.00548
 7.84019  -0.01695
 7.88625  -0.03932
 7.93283  -0.06171
 7.97992  -0.08399
 8.02752  -0.10602
 8.07559  -0.12764
 8.12409  -0.14869
 8.17293  -0.16898
 8.22202  -0.18835
 8.27124  -0.20662
 8.32045  -0.22364
 8.36954  -0.23928
 8.41840  -0.25343
 8.46695  -0.26602
 8.51512  -0.27701
 8.56290  -0.28637
 8.61023  -0.29410
 8.65712  -0.30020
 8.70359  -0.30471
 8.74965  -0.30764
 8.79530  -0.30904
 8.84059  -0.30895
 8.88557  -0.30741
 8.93108  -0.30441
 8.97709  -0.29990
 9.02366  -0.29388
 9.07078  -0.28633
 9.11845  -0.27724
 9.16669  -0.26663
 9.21549  -0.25450
 9.26485  -0.24089
 9.31474  -0.22584
 9.36512  -0.20941
 9.41596  -0.19168
 9.46722  -0.17274
 9.51883  -0.15271
 9.57074  -0.13171
 9.62289  -0.10988
 9.67521  -0.08736
 9.72765  -0.06430
 9.78016  -0.04085
 9.83271  -0.01715
 9.88527   0.00664
 9.93783   0.03039
 9.99094   0.05423
 10.04480   0.07810
 10.09943   0.10187
 10.15483   0.12539
 10.21099   0.14850
 10.26789   0.17103
 10.32545   0.19278
 10.38357   0.21357
 10.44210   0.23320
 10.50089   0.25149
 10.55976   0.26827
 10.61856   0.28342
 10.67716   0.29685
 10.73546   0.30849
 10.79340   0.31832
 10.85095   0.32632
 10.90811   0.33252
 10.96488   0.33694
 11.02128   0.33960
 11.07734   0.34055
 11.13309   0.33984
 11.18897   0.33749
 11.24554   0.33347
 11.30281   0.32776
 11.36080   0.32035
 11.41952   0.31124
 11.47895   0.30043
 11.53910   0.28795
 11.59993   0.27382
 11.66144   0.25812
 11.72359   0.24089
 11.78633   0.22222
 11.84963   0.20221
 11.91344   0.18097
 11.97773   0.15861
 12.04245   0.13527
 12.10758   0.11107
 12.17309   0.08614
 12.23897   0.06063
 12.30522   0.03466
 12.37185   0.00837
 12.43887  -0.01812
 12.50652  -0.04476
 12.57569  -0.07178
 12.64651  -0.09906
 12.71915  -0.12651
 12.79377  -0.15399
 12.87054  -0.18138
 12.94963  -0.20852
 13.03118  -0.23522
 13.11525  -0.26125
 13.20175  -0.28633
 13.29034  -0.31011
 13.38043  -0.33224
 13.47131  -0.35240
 13.56237  -0.37036
 13.65321  -0.38603
 13.74368  -0.39940
 13.83378  -0.41053
 13.92361  -0.41950
 14.01329  -0.42637
 14.10299  -0.43124
 14.19283  -0.43419
 14.28297  -0.43531
 14.37353  -0.43467
 14.46493  -0.43235
 14.55774  -0.42839
 14.65205  -0.42285
 14.74792  -0.41578
 14.84551  -0.40726
 14.94492  -0.39735
 15.04630  -0.38615
 15.14980  -0.37373
 15.25558  -0.36019
 15.36376  -0.34563
 15.47445  -0.33018
 15.58769  -0.31397
 15.70345  -0.29716
 15.82159  -0.27991
 15.94193  -0.26242
 16.06431  -0.24487
 16.18863  -0.22741
 16.31496  -0.21018
 16.44357  -0.19327
 16.57500  -0.17674
 16.71011  -0.16061
 16.85011  -0.14487
 16.99645  -0.12952
 17.14963  -0.11467
 17.30464  -0.10091
 17.45274  -0.08893
 17.59218  -0.07865
 17.72501  -0.06973
 17.85305  -0.06189
 17.97755  -0.05495
 18.09939  -0.04877
 18.21919  -0.04324
 18.33744  -0.03829
 18.45452  -0.03383
 18.57075  -0.02982
 18.68639  -0.02621
 18.80168  -0.02294
 18.91682  -0.01999
 19.03200  -0.01732
 19.14738  -0.01490
 19.26312  -0.01269
 19.37938  -0.01067
 19.49630  -0.00882
 19.61399  -0.00711
 19.73258  -0.00551
 19.85214  -0.00400
 19.97269  -0.00256
 20.09413  -0.00116
 20.21620   0.00022
 20.24493   0.00054
