 0.00010   0.00007
 0.00019   0.00013
 0.00029   0.00020
 0.00038   0.00027
 0.00049   0.00034
 0.00059   0.00041
 0.00069   0.00048
 0.00085   0.00059
 0.00100   0.00070
 0.00115   0.00080
 0.00170   0.00118
 0.00188   0.00131
 0.00201   0.00139
 0.00212   0.00147
 0.00261   0.00182
 0.00292   0.00203
 0.00322   0.00224
 0.00350   0.00243
 0.00397   0.00276
 0.00444   0.00308
 0.00499   0.00347
 0.00589   0.00409
 0.00679   0.00472
 0.00755   0.00524
 0.00796   0.00553
 0.00838   0.00582
 0.00901   0.00625
 0.00978   0.00679
 0.01039   0.00721
 0.01101   0.00764
 0.01716   0.01189
 0.01839   0.01274
 0.01962   0.01359
 0.02047   0.01418
 0.02133   0.01477
 0.02987   0.02064
 0.03188   0.02202
 0.03369   0.02326
 0.03805   0.02624
 0.03982   0.02744
 0.04158   0.02865
 0.04329   0.02981
 0.04937   0.03394
 0.05105   0.03508
 0.05273   0.03621
 0.05668   0.03888
 0.05933   0.04067
 0.06119   0.04192
 0.06305   0.04317
 0.06856   0.04686
 0.07207   0.04920
 0.07558   0.05154
 0.07851   0.05349
 0.08029   0.05467
 0.08208   0.05585
 0.08635   0.05868
 0.08923   0.06058
 0.09211   0.06247
 0.09471   0.06417
 0.09978   0.06748
 0.10484   0.07078
 0.10823   0.07298
 0.11162   0.07517
 0.11475   0.07719
 0.11859   0.07965
 0.12243   0.08211
 0.12638   0.08463
 0.12983   0.08682
 0.13328   0.08900
 0.13796   0.09195
 0.14344   0.09538
 0.14875   0.09870
 0.15301   0.10133
 0.15692   0.10375
 0.16445   0.10836
 0.16920   0.11125
 0.17395   0.11412
 0.17882   0.11705
 0.18535   0.12095
 0.18952   0.12343
 0.19369   0.12589
 0.19876   0.12886
 0.20659   0.13342
 0.21367   0.13749
 0.21830   0.14013
 0.22292   0.14275
 0.22847   0.14587
 0.23622   0.15018
 0.24080   0.15271
 0.24539   0.15522
 0.25578   0.16084
 0.26616   0.16637
 0.27549   0.17124
 0.28481   0.17604
 0.28919   0.17827
 0.29358   0.18047
 0.29912   0.18324
 0.30807   0.18764
 0.31702   0.19197
 0.32546   0.19598
 0.33413   0.20002
 0.33911   0.20231
 0.34409   0.20458
 0.34940   0.20696
 0.35472   0.20932
 0.36092   0.21204
 0.36692   0.21463
 0.37636   0.21863
 0.38549   0.22240
 0.39754   0.22725
 0.40995   0.23208
 0.41573   0.23428
 0.41995   0.23585
 0.42416   0.23741
 0.42867   0.23905
 0.43255   0.24045
 0.43638   0.24181
 0.44793   0.24582
 0.45879   0.24945
 0.47005   0.25307
 0.48201   0.25676
 0.49888   0.26169
 0.50759   0.26410
 0.51630   0.26643
 0.52587   0.26888
 0.53872   0.27201
 0.54746   0.27402
 0.55620   0.27595
 0.56593   0.27798
 0.57957   0.28064
 0.58884   0.28232
 0.59810   0.28390
 0.61030   0.28583
 0.61913   0.28710
 0.62796   0.28829
 0.63835   0.28956
 0.64873   0.29071
 0.65831   0.29165
 0.66788   0.29248
 0.67996   0.29337
 0.68998   0.29398
 0.70000   0.29446
 0.71214   0.29489
 0.72428   0.29514
 0.73570   0.29522
 0.74930   0.29511
 0.76007   0.29486
 0.77084   0.29448
 0.78057   0.29403
 0.79037   0.29345
 0.79984   0.29279
 0.80931   0.29203
 0.82702   0.29033
 0.83953   0.28891
 0.85204   0.28732
 0.87003   0.28473
 0.88670   0.28201
 0.90338   0.27898
 0.91908   0.27587
 0.93801   0.27177
 0.95695   0.26729
 0.97681   0.26222
 0.99757   0.25649
 1.01986   0.24989
 1.04401   0.24222
 1.06865   0.23385
 1.09330   0.22496
 1.11559   0.21649
 1.13897   0.20718
 1.16620   0.19583
 1.19153   0.18481
 1.21839   0.17264
 1.24849   0.15849
 1.27916   0.14355
 1.31169   0.12718
 1.35254   0.10597
 1.39444   0.08357
 1.43591   0.06091
 1.47732   0.03791
 1.51792   0.01516
 1.55863  -0.00775
 1.59953  -0.03072
 1.64078  -0.05371
 1.68240  -0.07660
 1.72457  -0.09934
 1.76690  -0.12159
 1.80969  -0.14335
 1.85088  -0.16349
 1.89285  -0.18310
 1.93751  -0.20281
 1.97997  -0.22036
 2.02001  -0.23575
 2.05929  -0.24969
 2.09788  -0.26220
 2.13564  -0.27326
 2.17499  -0.28350
 2.21434  -0.29237
 2.25496  -0.30007
 2.29558  -0.30624
 2.33277  -0.31054
 2.36996  -0.31354
 2.40657  -0.31520
 2.44385  -0.31559
 2.48316  -0.31458
 2.52247  -0.31211
 2.56343  -0.30802
 2.60589  -0.30217
 2.64773  -0.29485
 2.68735  -0.28651
 2.72743  -0.27675
 2.76810  -0.26553
 2.80876  -0.25306
 2.85012  -0.23913
 2.89235  -0.22372
 2.93638  -0.20644
 2.98091  -0.18782
 3.02512  -0.16830
 3.07071  -0.14722
 3.11556  -0.12564
 3.16117  -0.10299
 3.20654  -0.07988
 3.25209  -0.05622
 3.29762  -0.03226
 3.34309  -0.00815
 3.38851   0.01597
 3.43394   0.04002
 3.47988   0.06411
 3.52634   0.08812
 3.57334   0.11189
 3.62084   0.13527
 3.66868   0.15803
 3.71687   0.18000
 3.76553   0.20112
 3.81461   0.22120
 3.86371   0.23994
 3.91261   0.25717
 3.96109   0.27276
 4.00893   0.28659
 4.05629   0.29870
 4.10405   0.30927
 4.15142   0.31807
 4.19772   0.32502
 4.24365   0.33027
 4.28967   0.33388
 4.33437   0.33579
 4.37978   0.33614
 4.42378   0.33493
 4.46901   0.33214
 4.51385   0.32784
 4.56012   0.32182
 4.60618   0.31429
 4.65345   0.30501
 4.70122   0.29408
 4.74921   0.28161
 4.79765   0.26759
 4.84689   0.25193
 4.89675   0.23472
 4.94709   0.21608
 4.99783   0.19612
 5.04887   0.17496
 5.10017   0.15273
 5.15168   0.12957
 5.20343   0.10559
 5.25534   0.08096
 5.30733   0.05584
 5.35934   0.03041
 5.41135   0.00483
 5.46333  -0.02078
 5.51552  -0.04637
 5.56845  -0.07208
 5.62213  -0.09775
 5.67659  -0.12326
 5.73184  -0.14842
 5.78783  -0.17306
 5.84455  -0.19701
 5.90190  -0.22004
 5.95970  -0.24193
 6.01785  -0.26249
 6.07627  -0.28157
 6.13476  -0.29899
 6.19306  -0.31459
 6.25102  -0.32829
 6.30859  -0.34005
 6.36588  -0.34988
 6.42288  -0.35778
 6.47931  -0.36374
 6.53534  -0.36780
 6.59114  -0.37001
 6.64637  -0.37042
 6.70154  -0.36906
 6.75695  -0.36596
 6.81325  -0.36105
 6.87017  -0.35435
 6.92776  -0.34583
 6.98620  -0.33547
 7.04539  -0.32329
 7.10526  -0.30933
 7.16581  -0.29363
 7.22703  -0.27624
 7.28887  -0.25723
 7.35126  -0.23672
 7.41417  -0.21481
 7.47758  -0.19160
 7.54146  -0.16722
 7.60572  -0.14183
 7.67037  -0.11555
 7.73537  -0.08854
 7.80071  -0.06094
 7.86639  -0.03288
 7.93242  -0.00452
 7.99881   0.02403
 8.06596   0.05278
 8.13464   0.08193
 8.20500   0.11135
 8.27717   0.14095
 8.35134   0.17058
 8.42766   0.20010
 8.50630   0.22935
 8.58739   0.25811
 8.67098   0.28615
 8.75696   0.31315
 8.84496   0.33873
 8.93440   0.36252
 9.02457   0.38417
 9.11486   0.40346
 9.20490   0.42030
 9.29455   0.43467
 9.38383   0.44665
 9.47283   0.45631
 9.56168   0.46374
 9.65053   0.46902
 9.73952   0.47225
 9.82877   0.47352
 9.91842   0.47291
 10.00884   0.47050
 10.10068   0.46634
 10.19400   0.46047
 10.28889   0.45298
 10.38545   0.44391
 10.48381   0.43336
 10.58409   0.42140
 10.68645   0.40813
 10.79102   0.39365
 10.89794   0.37807
 11.00732   0.36150
 11.11920   0.34410
 11.23357   0.32601
 11.35032   0.30743
 11.46927   0.28855
 11.59028   0.26956
 11.71323   0.25063
 11.83814   0.23192
 11.96525   0.21352
 12.09505   0.19551
 12.22828   0.17791
 12.36611   0.16071
 12.50998   0.14390
 12.66098   0.12753
 12.81576   0.11211
 12.96500   0.09851
 13.10522   0.08683
 13.23823   0.07670
 13.36607   0.06778
 13.49010   0.05986
 13.61127   0.05276
 13.73025   0.04637
 13.84753   0.04058
 13.96352   0.03533
 14.07854   0.03053
 14.19283   0.02613
 14.30662   0.02208
 14.42010   0.01833
 14.53339   0.01482
 14.64661   0.01152
 14.75980   0.00839
 14.87295   0.00538
 14.98595   0.00245
 15.09857  -0.00043
 15.21031  -0.00329
