 0.00032   0.00000
 0.00047   0.00000
 0.00069   0.00000
 0.00096   0.00000
 0.00130   0.00000
 0.00169   0.00000
 0.00215   0.00000
 0.00269   0.00000
 0.00330   0.00000
 0.00399   0.00000
 0.00476   0.00000
 0.00562   0.00000
 0.00657   0.00000
 0.00760   0.00000
 0.00874   0.00000
 0.00997   0.00000
 0.01130   0.00000
 0.01274   0.00000
 0.01429   0.00000
 0.01594   0.00000
 0.01770   0.00000
 0.01958   0.00000
 0.02158   0.00000
 0.02369   0.00000
 0.02593   0.00000
 0.02830   0.00000
 0.03079   0.00000
 0.03344   0.00000
 0.03619   0.00000
 0.03908   0.00001
 0.04210   0.00001
 0.04524   0.00001
 0.04855   0.00001
 0.05200   0.00001
 0.05559   0.00002
 0.05934   0.00002
 0.06323   0.00002
 0.06726   0.00003
 0.07146   0.00004
 0.07596   0.00004
 0.08049   0.00005
 0.08485   0.00006
 0.08970   0.00007
 0.09472   0.00008
 0.09989   0.00010
 0.10526   0.00011
 0.11079   0.00013
 0.11623   0.00015
 0.12212   0.00017
 0.12859   0.00020
 0.13488   0.00023
 0.14122   0.00027
 0.14870   0.00031
 0.15561   0.00036
 0.16257   0.00041
 0.16944   0.00046
 0.17631   0.00052
 0.18392   0.00059
 0.19210   0.00067
 0.20197   0.00078
 0.20966   0.00087
 0.21735   0.00097
 0.22614   0.00109
 0.23479   0.00122
 0.24435   0.00137
 0.25484   0.00155
 0.26547   0.00175
 0.27612   0.00197
 0.28671   0.00220
 0.29720   0.00245
 0.30757   0.00271
 0.31811   0.00299
 0.32899   0.00330
 0.34034   0.00364
 0.34960   0.00394
 0.35885   0.00425
 0.36874   0.00461
 0.37863   0.00498
 0.38903   0.00538
 0.39944   0.00581
 0.41255   0.00639
 0.42002   0.00673
 0.42748   0.00708
 0.43588   0.00749
 0.44346   0.00788
 0.45503   0.00848
 0.46754   0.00918
 0.48006   0.00990
 0.49408   0.01076
 0.50902   0.01172
 0.52588   0.01286
 0.54601   0.01432
 0.56952   0.01615
 0.58593   0.01750
 0.60018   0.01873
 0.61443   0.02001
 0.62944   0.02142
 0.64818   0.02326
 0.66687   0.02518
 0.68556   0.02720
 0.70485   0.02938
 0.72415   0.03166
 0.74303   0.03399
 0.75834   0.03594
 0.77365   0.03797
 0.78938   0.04011
 0.81452   0.04367
 0.83797   0.04715
 0.85846   0.05031
 0.87894   0.05359
 0.89706   0.05657
 0.91517   0.05965
 0.93416   0.06297
 0.95335   0.06642
 0.97711   0.07082
 1.00087   0.07537
 1.02095   0.07932
 1.04027   0.08322
 1.06128   0.08756
 1.08041   0.09161
 1.10385   0.09668
 1.13536   0.10370
 1.15627   0.10848
 1.17718   0.11335
 1.19941   0.11863
 1.22464   0.12474
 1.24920   0.13080
 1.26883   0.13573
 1.28846   0.14072
 1.31176   0.14672
 1.33279   0.15222
 1.35010   0.15679
 1.36740   0.16140
 1.38867   0.16712
 1.41382   0.17396
 1.44082   0.18138
 1.46574   0.18829
 1.48947   0.19492
 1.51761   0.20283
 1.54414   0.21034
 1.57546   0.21924
 1.60582   0.22790
 1.63067   0.23499
 1.65551   0.24209
 1.67998   0.24907
 1.71048   0.25775
 1.74190   0.26664
 1.77207   0.27513
 1.80043   0.28305
 1.84664   0.29578
 1.87842   0.30439
 1.90866   0.31246
 1.93905   0.32043
 1.97013   0.32843
 1.99893   0.33568
 2.02773   0.34276
 2.05717   0.34982
 2.08623   0.35659
 2.11439   0.36296
 2.15009   0.37075
 2.18444   0.37791
 2.21564   0.38412
 2.24972   0.39057
 2.27936   0.39589
 2.30901   0.40091
 2.34093   0.40599
 2.40623   0.41526
 2.44566   0.42010
 2.48107   0.42393
 2.51647   0.42727
 2.55154   0.43008
 2.58476   0.43227
 2.61798   0.43401
 2.64834   0.43518
 2.67806   0.43595
 2.70700   0.43633
 2.73429   0.43635
 2.76504   0.43598
 2.79579   0.43520
 2.82647   0.43400
 2.85593   0.43244
 2.88531   0.43051
 2.92012   0.42773
 2.95723   0.42416
 2.99395   0.42004
 3.03040   0.41535
 3.07226   0.40926
 3.13774   0.39821
 3.19128   0.38784
 3.24089   0.37718
 3.29043   0.36555
 3.33986   0.35300
 3.38937   0.33951
 3.44142   0.32439
 3.49642   0.30740
 3.56049   0.28638
 3.61942   0.26597
 3.67831   0.24460
 3.73774   0.22215
 3.79681   0.19903
 3.85532   0.17544
 3.91283   0.15165
 3.96920   0.12785
 4.02479   0.10397
 4.07953   0.08015
 4.13318   0.05658
 4.18573   0.03333
 4.23709   0.01053
 4.28704  -0.01168
 4.33551  -0.03320
 4.38610  -0.05558
 4.43870  -0.07872
 4.49330  -0.10252
 4.54986  -0.12688
 4.60839  -0.15171
 4.66895  -0.17692
 4.73158  -0.20240
 4.79627  -0.22801
 4.86337  -0.25373
 4.93242  -0.27921
 5.00379  -0.30442
 5.07718  -0.32907
 5.15347  -0.35324
 5.23048  -0.37607
 5.30886  -0.39763
 5.38834  -0.41772
 5.46707  -0.43581
 5.54413  -0.45176
 5.61956  -0.46568
 5.69526  -0.47797
 5.76832  -0.48824
 5.84309  -0.49716
 5.91475  -0.50421
 5.98494  -0.50974
 6.05451  -0.51390
 6.12279  -0.51675
 6.18973  -0.51838
 6.25670  -0.51891
 6.32429  -0.51838
 6.38978  -0.51688
 6.45798  -0.51433
 6.53044  -0.51058
 6.60306  -0.50582
 6.67676  -0.50001
 6.75323  -0.49303
 6.83075  -0.48504
 6.91032  -0.47597
 6.99155  -0.46589
 7.07419  -0.45488
 7.15808  -0.44301
 7.24377  -0.43029
 7.33079  -0.41683
 7.41962  -0.40265
 7.50984  -0.38788
 7.60147  -0.37261
 7.69448  -0.35694
 7.78874  -0.34098
 7.88411  -0.32483
 7.98104  -0.30852
 8.07942  -0.29215
 8.17889  -0.27586
 8.27979  -0.25968
 8.38217  -0.24368
 8.48639  -0.22789
 8.59249  -0.21237
 8.70099  -0.19712
 8.81234  -0.18217
 8.92724  -0.16751
 9.04601  -0.15318
 9.16755  -0.13941
 9.28777  -0.12666
 9.40271  -0.11529
 9.51167  -0.10523
 9.61560  -0.09627
 9.71550  -0.08822
 9.81217  -0.08094
 9.90618  -0.07433
 9.99798  -0.06830
 10.08792  -0.06278
 10.17628  -0.05772
 10.26328  -0.05308
 10.34911  -0.04880
 10.43394  -0.04487
 10.51791  -0.04124
 10.60114  -0.03789
 10.68375  -0.03480
 10.76583  -0.03195
 10.84748  -0.02931
 10.92878  -0.02688
 11.00981  -0.02463
 11.09064  -0.02255
 11.17134  -0.02063
 11.25196  -0.01886
 11.33259  -0.01722
 11.41326  -0.01571
 11.49405  -0.01432
 11.57501  -0.01303
 11.65618  -0.01185
 11.73763  -0.01075
 11.81940  -0.00975
 11.90156  -0.00882
 11.98415  -0.00797
 12.06722  -0.00719
 12.15082  -0.00647
 12.23502  -0.00581
 12.31986  -0.00521
 12.40540  -0.00465
 12.49170  -0.00414
 12.57882  -0.00368
 12.66682  -0.00325
 12.75576  -0.00286
 12.84571  -0.00250
 12.93675  -0.00217
 13.02895  -0.00187
 13.12239  -0.00159
 13.21717  -0.00133
 13.31337  -0.00108
 13.41108  -0.00085
 13.51039  -0.00064
 13.61135  -0.00043
 13.71395  -0.00023
 13.81804  -0.00002
 13.82756  -0.00001
