 0.00032   0.00000
 0.00047   0.00000
 0.00069   0.00000
 0.00096   0.00000
 0.00130   0.00000
 0.00169   0.00000
 0.00215   0.00000
 0.00269   0.00000
 0.00330   0.00000
 0.00399   0.00000
 0.00476   0.00000
 0.00562   0.00000
 0.00657   0.00000
 0.00760   0.00000
 0.00874   0.00000
 0.00997   0.00000
 0.01130   0.00000
 0.01274   0.00000
 0.01429   0.00000
 0.01594   0.00000
 0.01770   0.00000
 0.01958   0.00000
 0.02158   0.00000
 0.02370   0.00000
 0.02593   0.00000
 0.02830   0.00000
 0.03079   0.00001
 0.03344   0.00001
 0.03620   0.00001
 0.03909   0.00001
 0.04211   0.00002
 0.04525   0.00002
 0.04856   0.00002
 0.05201   0.00003
 0.05561   0.00004
 0.05936   0.00004
 0.06326   0.00005
 0.06729   0.00007
 0.07150   0.00008
 0.07600   0.00009
 0.08054   0.00011
 0.08495   0.00013
 0.08981   0.00015
 0.09484   0.00018
 0.10004   0.00021
 0.10538   0.00025
 0.11095   0.00029
 0.11674   0.00034
 0.12268   0.00039
 0.12903   0.00046
 0.13537   0.00053
 0.14181   0.00060
 0.14939   0.00071
 0.15636   0.00081
 0.16348   0.00092
 0.17116   0.00106
 0.17840   0.00119
 0.18625   0.00136
 0.19412   0.00153
 0.20271   0.00174
 0.21280   0.00201
 0.22285   0.00230
 0.23356   0.00265
 0.24424   0.00302
 0.25510   0.00343
 0.26592   0.00387
 0.27664   0.00435
 0.28723   0.00485
 0.29766   0.00538
 0.30826   0.00596
 0.31926   0.00659
 0.32923   0.00721
 0.33919   0.00786
 0.34906   0.00853
 0.35893   0.00925
 0.36916   0.01002
 0.37939   0.01084
 0.39265   0.01196
 0.40620   0.01317
 0.41813   0.01430
 0.43005   0.01549
 0.44979   0.01757
 0.46809   0.01966
 0.48384   0.02156
 0.49958   0.02357
 0.51770   0.02601
 0.54044   0.02927
 0.55742   0.03185
 0.57441   0.03456
 0.58858   0.03691
 0.60275   0.03935
 0.61738   0.04196
 0.63705   0.04560
 0.65706   0.04947
 0.67720   0.05354
 0.69746   0.05779
 0.71793   0.06224
 0.73886   0.06697
 0.76085   0.07210
 0.78338   0.07753
 0.80494   0.08289
 0.82481   0.08796
 0.84390   0.09294
 0.85938   0.09705
 0.87485   0.10123
 0.88959   0.10526
 0.90432   0.10934
 0.92019   0.11379
 0.93993   0.11939
 0.96353   0.12618
 0.98760   0.13319
 1.01116   0.14012
 1.02993   0.14567
 1.04870   0.15124
 1.06961   0.15747
 1.08753   0.16281
 1.10546   0.16814
 1.12384   0.17360
 1.13890   0.17805
 1.15396   0.18248
 1.16991   0.18714
 1.19081   0.19320
 1.20905   0.19842
 1.22729   0.20358
 1.24761   0.20924
 1.26954   0.21523
 1.29422   0.22181
 1.31948   0.22833
 1.34474   0.23463
 1.36815   0.24023
 1.38781   0.24476
 1.40746   0.24911
 1.42946   0.25375
 1.45468   0.25877
 1.47880   0.26324
 1.50446   0.26763
 1.52699   0.27115
 1.54952   0.27435
 1.57163   0.27716
 1.58927   0.27917
 1.60691   0.28096
 1.62730   0.28275
 1.64965   0.28436
 1.66957   0.28548
 1.68950   0.28629
 1.71329   0.28685
 1.73582   0.28697
 1.75791   0.28668
 1.78130   0.28595
 1.80565   0.28469
 1.82866   0.28306
 1.85461   0.28067
 1.88243   0.27748
 1.90968   0.27372
 1.93943   0.26890
 1.96900   0.26336
 1.99878   0.25705
 2.02898   0.24991
 2.05995   0.24182
 2.09225   0.23258
 2.12674   0.22183
 2.15945   0.21082
 2.19320   0.19867
 2.23535   0.18243
 2.27371   0.16669
 2.31228   0.15001
 2.34929   0.13329
 2.38485   0.11662
 2.42119   0.09905
 2.45660   0.08149
 2.49136   0.06390
 2.52575   0.04623
 2.55956   0.02867
 2.59279   0.01129
 2.62548  -0.00585
 2.65761  -0.02266
 2.68998  -0.03953
 2.72275  -0.05645
 2.75595  -0.07336
 2.78949  -0.09016
 2.82336  -0.10674
 2.85779  -0.12314
 2.89219  -0.13900
 2.92719  -0.15451
 2.96185  -0.16920
 2.99714  -0.18339
 3.03173  -0.19649
 3.06694  -0.20894
 3.10110  -0.22011
 3.13557  -0.23043
 3.16973  -0.23966
 3.20282  -0.24763
 3.23699  -0.25481
 3.26881  -0.26052
 3.30018  -0.26520
 3.33121  -0.26889
 3.36225  -0.27163
 3.39326  -0.27341
 3.42413  -0.27423
 3.45369  -0.27411
 3.48304  -0.27313
 3.51336  -0.27120
 3.54426  -0.26831
 3.57504  -0.26449
 3.60586  -0.25975
 3.63675  -0.25410
 3.66808  -0.24746
 3.70006  -0.23977
 3.73273  -0.23099
 3.76664  -0.22093
 3.80015  -0.21009
 3.83424  -0.19818
 3.86921  -0.18509
 3.90391  -0.17129
 3.93930  -0.15645
 3.97437  -0.14105
 4.00968  -0.12491
 4.04470  -0.10834
 4.07963  -0.09135
 4.11422  -0.07412
 4.14854  -0.05672
 4.18244  -0.03929
 4.21595  -0.02191
 4.24901  -0.00467
 4.28162   0.01236
 4.31399   0.02921
 4.34687   0.04621
 4.38024   0.06329
 4.41410   0.08036
 4.44846   0.09735
 4.48325   0.11414
 4.51852   0.13067
 4.55411   0.14677
 4.59011   0.16239
 4.62624   0.17733
 4.66251   0.19152
 4.69888   0.20486
 4.73496   0.21717
 4.77101   0.22850
 4.80661   0.23867
 4.84171   0.24769
 4.87647   0.25558
 4.91056   0.26229
 4.94414   0.26789
 4.97740   0.27241
 5.00969   0.27582
 5.04141   0.27822
 5.07266   0.27965
 5.10340   0.28016
 5.13352   0.27980
 5.16352   0.27859
 5.19421   0.27647
 5.22544   0.27343
 5.25713   0.26942
 5.28934   0.26443
 5.32220   0.25840
 5.35583   0.25126
 5.38989   0.24308
 5.42446   0.23382
 5.45971   0.22343
 5.49527   0.21203
 5.53135   0.19956
 5.56775   0.18613
 5.60439   0.17180
 5.64131   0.15659
 5.67828   0.14068
 5.71521   0.12416
 5.75207   0.10713
 5.78874   0.08973
 5.82512   0.07209
 5.86118   0.05430
 5.89686   0.03647
 5.93213   0.01870
 5.96697   0.00108
 6.00135  -0.01631
 6.03572  -0.03363
 6.07066  -0.05112
 6.10618  -0.06870
 6.14226  -0.08628
 6.17891  -0.10378
 6.21609  -0.12109
 6.25378  -0.13811
 6.29194  -0.15474
 6.33049  -0.17083
 6.36931  -0.18626
 6.40829  -0.20089
 6.44731  -0.21462
 6.48625  -0.22733
 6.52498  -0.23896
 6.56341  -0.24943
 6.60141  -0.25871
 6.63887  -0.26678
 6.67574  -0.27364
 6.71208  -0.27933
 6.74782  -0.28387
 6.78287  -0.28729
 6.81736  -0.28966
 6.85109  -0.29100
 6.88418  -0.29139
 6.91662  -0.29089
 6.94907  -0.28950
 6.98227  -0.28717
 7.01626  -0.28386
 7.05087  -0.27953
 7.08618  -0.27413
 7.12213  -0.26765
 7.15875  -0.26004
 7.19593  -0.25132
 7.23373  -0.24147
 7.27210  -0.23048
 7.31095  -0.21840
 7.35022  -0.20527
 7.38986  -0.19114
 7.42977  -0.17608
 7.46986  -0.16019
 7.51003  -0.14356
 7.55017  -0.12633
 7.59019  -0.10860
 7.62999  -0.09051
 7.66951  -0.07218
 7.70868  -0.05371
 7.74745  -0.03521
 7.78580  -0.01678
 7.82368   0.00149
 7.86109   0.01952
 7.89868   0.03758
 7.93696   0.05582
 7.97593   0.07418
 8.01558   0.09256
 8.05591   0.11088
 8.09691   0.12904
 8.13854   0.14692
 8.18076   0.16439
 8.22349   0.18135
 8.26664   0.19763
 8.31007   0.21311
 8.35363   0.22765
 8.39718   0.24113
 8.44053   0.25346
 8.48355   0.26456
 8.52615   0.27440
 8.56823   0.28296
 8.60972   0.29023
 8.65060   0.29625
 8.69083   0.30105
 8.73040   0.30466
 8.76929   0.30714
 8.80747   0.30853
 8.84493   0.30889
 8.88166   0.30829
 8.91864   0.30674
 8.95643   0.30417
 8.99503   0.30054
 9.03443   0.29581
 9.07460   0.28994
 9.11550   0.28290
 9.15712   0.27468
 9.19941   0.26526
 9.24235   0.25464
 9.28591   0.24285
 9.33001   0.22990
 9.37457   0.21586
 9.41953   0.20077
 9.46476   0.18473
 9.51018   0.16784
 9.55567   0.15021
 9.60111   0.13195
 9.64642   0.11320
 9.69151   0.09407
 9.73631   0.07469
 9.78074   0.05517
 9.82478   0.03561
 9.86837   0.01611
 9.91148  -0.00323
 9.95408  -0.02233
 9.99711  -0.04155
 10.04104  -0.06101
 10.08588  -0.08065
 10.13164  -0.10037
 10.17833  -0.12009
 10.22594  -0.13971
 10.27447  -0.15910
 10.32387  -0.17813
 10.37409  -0.19668
 10.42502  -0.21459
 10.47651  -0.23170
 10.52839  -0.24784
 10.58044  -0.26287
 10.63244  -0.27666
 10.68421  -0.28913
 10.73557  -0.30021
 10.78641  -0.30987
 10.83666  -0.31812
 10.88626  -0.32497
 10.93518  -0.33046
 10.98340  -0.33463
 11.03091  -0.33752
 11.07770  -0.33920
 11.12373  -0.33973
 11.16899  -0.33916
 11.21445  -0.33752
 11.26093  -0.33475
 11.30842  -0.33080
 11.35689  -0.32562
 11.40631  -0.31919
 11.45666  -0.31147
 11.50790  -0.30246
 11.56000  -0.29213
 11.61290  -0.28051
 11.66655  -0.26762
 11.72086  -0.25349
 11.77575  -0.23819
 11.83113  -0.22178
 11.88690  -0.20436
 11.94294  -0.18602
 11.99916  -0.16687
 12.05547  -0.14702
 12.11177  -0.12660
 12.16800  -0.10572
 12.22407  -0.08450
 12.27994  -0.06303
 12.33555  -0.04144
 12.39085  -0.01982
 12.44580   0.00173
 12.50035   0.02311
 12.55564   0.04471
 12.61255   0.06679
 12.67114   0.08928
 12.73150   0.11212
 12.79373   0.13523
 12.85792   0.15852
 12.92421   0.18189
 12.99272   0.20525
 13.06355   0.22845
 13.13674   0.25133
 13.21219   0.27367
 13.28963   0.29520
 13.36850   0.31561
 13.44810   0.33459
 13.52778   0.35193
 13.60707   0.36751
 13.68576   0.38129
 13.76379   0.39332
 13.84116   0.40364
 13.91794   0.41231
 13.99420   0.41941
 14.07006   0.42502
 14.14553   0.42918
 14.22072   0.43199
 14.29562   0.43350
 14.37030   0.43378
 14.44476   0.43290
 14.52047   0.43089
 14.59778   0.42774
 14.67669   0.42345
 14.75721   0.41805
 14.83932   0.41156
 14.92300   0.40401
 15.00830   0.39545
 15.09524   0.38593
 15.18384   0.37550
 15.27413   0.36423
 15.36614   0.35219
 15.45992   0.33946
 15.55547   0.32611
 15.65280   0.31224
 15.75187   0.29796
 15.85262   0.28336
 15.95501   0.26854
 16.05901   0.25362
 16.16459   0.23869
 16.27173   0.22385
 16.38052   0.20917
 16.49116   0.19470
 16.60396   0.18049
 16.71939   0.16656
 16.83813   0.15292
 16.96101   0.13957
 17.08864   0.12654
 17.21987   0.11404
 17.34978   0.10255
 17.47376   0.09241
 17.59136   0.08351
 17.70380   0.07563
 17.81225   0.06859
 17.91760   0.06227
 18.02045   0.05656
 18.12130   0.05138
 18.22051   0.04667
 18.31839   0.04238
 18.41518   0.03848
 18.51109   0.03491
 18.60629   0.03165
 18.70094   0.02868
 18.79518   0.02596
 18.88913   0.02347
 18.98291   0.02120
 19.07662   0.01913
 19.17036   0.01723
 19.26422   0.01550
 19.35829   0.01393
 19.45266   0.01250
 19.54740   0.01119
 19.64260   0.01000
 19.73833   0.00893
 19.83468   0.00795
 19.93172   0.00706
 20.02953   0.00626
 20.12819   0.00554
 20.22778   0.00489
 20.32839   0.00430
 20.43010   0.00378
 20.53299   0.00331
 20.63717   0.00288
 20.74272   0.00251
 20.84974   0.00217
 20.95835   0.00188
 21.06866   0.00161
 21.18077   0.00138
 21.29483   0.00118
 21.41096   0.00100
 21.52932   0.00084
 21.65007   0.00070
 21.77338   0.00058
 21.89944   0.00048
 22.02849   0.00038
 22.16077   0.00030
 22.26942   0.00025
