 0.00032   0.00000
 0.00047   0.00000
 0.00069   0.00000
 0.00096   0.00000
 0.00130   0.00000
 0.00169   0.00000
 0.00215   0.00000
 0.00269   0.00000
 0.00330   0.00000
 0.00399   0.00000
 0.00476   0.00000
 0.00562   0.00000
 0.00657   0.00000
 0.00760   0.00000
 0.00874   0.00000
 0.00997   0.00000
 0.01130   0.00000
 0.01274   0.00000
 0.01429   0.00000
 0.01594   0.00000
 0.01770   0.00000
 0.01958   0.00000
 0.02158   0.00000
 0.02369   0.00000
 0.02593   0.00000
 0.02830   0.00000
 0.03079   0.00000
 0.03344   0.00001
 0.03619   0.00001
 0.03908   0.00001
 0.04211   0.00001
 0.04525   0.00001
 0.04855   0.00002
 0.05200   0.00002
 0.05560   0.00003
 0.05935   0.00003
 0.06324   0.00004
 0.06727   0.00005
 0.07148   0.00005
 0.07598   0.00007
 0.08051   0.00008
 0.08488   0.00009
 0.08973   0.00011
 0.09476   0.00013
 0.09994   0.00015
 0.10531   0.00017
 0.11086   0.00020
 0.11644   0.00023
 0.12236   0.00027
 0.12877   0.00032
 0.13508   0.00037
 0.14147   0.00042
 0.14841   0.00048
 0.15533   0.00055
 0.16227   0.00063
 0.16926   0.00072
 0.17625   0.00081
 0.18386   0.00092
 0.19212   0.00104
 0.20203   0.00121
 0.21172   0.00139
 0.21944   0.00155
 0.22715   0.00171
 0.23619   0.00192
 0.24518   0.00214
 0.25498   0.00241
 0.26555   0.00271
 0.27627   0.00305
 0.28692   0.00340
 0.29742   0.00378
 0.30784   0.00418
 0.31856   0.00462
 0.32971   0.00511
 0.33941   0.00556
 0.34911   0.00604
 0.35900   0.00655
 0.36889   0.00708
 0.37883   0.00765
 0.38876   0.00825
 0.39920   0.00890
 0.40964   0.00959
 0.41908   0.01024
 0.42852   0.01091
 0.43843   0.01165
 0.44800   0.01240
 0.45909   0.01329
 0.47018   0.01423
 0.48330   0.01539
 0.49681   0.01664
 0.51313   0.01823
 0.52945   0.01991
 0.54876   0.02201
 0.56790   0.02422
 0.58704   0.02656
 0.60870   0.02936
 0.63816   0.03343
 0.66894   0.03801
 0.69935   0.04286
 0.72445   0.04711
 0.74954   0.05157
 0.76829   0.05505
 0.78705   0.05864
 0.80694   0.06258
 0.82752   0.06680
 0.84899   0.07134
 0.86731   0.07532
 0.88563   0.07941
 0.90465   0.08377
 0.92371   0.08823
 0.94353   0.09298
 0.96599   0.09850
 0.98814   0.10406
 1.00781   0.10910
 1.02748   0.11423
 1.04795   0.11966
 1.06937   0.12543
 1.08779   0.13046
 1.10622   0.13556
 1.12555   0.14096
 1.14519   0.14651
 1.16494   0.15214
 1.18476   0.15783
 1.20464   0.16358
 1.22462   0.16939
 1.24475   0.17527
 1.26514   0.18125
 1.28601   0.18737
 1.30776   0.19376
 1.33138   0.20069
 1.35400   0.20731
 1.38155   0.21534
 1.40729   0.22277
 1.42852   0.22885
 1.44975   0.23488
 1.47602   0.24224
 1.49969   0.24876
 1.52735   0.25625
 1.54842   0.26184
 1.56949   0.26732
 1.59588   0.27401
 1.61994   0.27994
 1.64867   0.28678
 1.67636   0.29311
 1.70145   0.29860
 1.72665   0.30387
 1.75198   0.30890
 1.77542   0.31332
 1.79914   0.31754
 1.82712   0.32217
 1.85012   0.32570
 1.87312   0.32896
 1.89587   0.33191
 1.92046   0.33479
 1.95535   0.33830
 1.98169   0.34050
 2.00714   0.34223
 2.02863   0.34339
 2.05012   0.34427
 2.07942   0.34502
 2.10423   0.34523
 2.12903   0.34504
 2.15604   0.34440
 2.18050   0.34340
 2.21122   0.34160
 2.24194   0.33917
 2.27442   0.33593
 2.30871   0.33175
 2.34061   0.32717
 2.37467   0.32153
 2.40873   0.31514
 2.44290   0.30798
 2.48359   0.29849
 2.52614   0.28747
 2.56870   0.27536
 2.60777   0.26331
 2.64691   0.25039
 2.68943   0.23542
 2.73095   0.21993
 2.77414   0.20294
 2.82013   0.18396
 2.86288   0.16556
 2.90662   0.14605
 2.94952   0.12632
 2.99132   0.10660
 3.03270   0.08668
 3.07343   0.06676
 3.11339   0.04697
 3.15253   0.02743
 3.19083   0.00822
 3.22829  -0.01059
 3.26499  -0.02900
 3.30250  -0.04771
 3.34078  -0.06666
 3.37981  -0.08576
 3.41955  -0.10492
 3.45999  -0.12403
 3.50110  -0.14300
 3.54290  -0.16175
 3.58548  -0.18021
 3.62875  -0.19823
 3.67185  -0.21538
 3.71572  -0.23193
 3.76030  -0.24776
 3.80392  -0.26222
 3.84874  -0.27594
 3.89171  -0.28798
 3.93499  -0.29894
 3.97916  -0.30888
 4.02041  -0.31701
 4.06119  -0.32390
 4.10162  -0.32961
 4.14154  -0.33412
 4.18062  -0.33745
 4.21837  -0.33963
 4.25470  -0.34076
 4.29250  -0.34095
 4.32850  -0.34017
 4.36362  -0.33853
 4.40272  -0.33569
 4.44131  -0.33184
 4.48017  -0.32694
 4.51940  -0.32096
 4.55936  -0.31383
 4.60015  -0.30550
 4.64182  -0.29593
 4.68469  -0.28500
 4.72889  -0.27263
 4.77254  -0.25937
 4.81723  -0.24477
 4.86218  -0.22912
 4.90743  -0.21244
 4.95275  -0.19488
 4.99815  -0.17651
 5.04330  -0.15754
 5.08830  -0.13801
 5.13287  -0.11815
 5.17704  -0.09802
 5.22068  -0.07778
 5.26375  -0.05754
 5.30619  -0.03739
 5.34795  -0.01744
 5.38897   0.00222
 5.42922   0.02149
 5.46980   0.04086
 5.51143   0.06060
 5.55409   0.08064
 5.59776   0.10088
 5.64245   0.12123
 5.68815   0.14159
 5.73482   0.16186
 5.78250   0.18192
 5.83108   0.20163
 5.88047   0.22082
 5.93056   0.23935
 5.98120   0.25705
 6.03223   0.27377
 6.08347   0.28935
 6.13471   0.30369
 6.18578   0.31668
 6.23647   0.32825
 6.28648   0.33834
 6.33578   0.34696
 6.38441   0.35416
 6.43219   0.35997
 6.47889   0.36440
 6.52452   0.36756
 6.56971   0.36954
 6.61344   0.37037
 6.65655   0.37014
 6.69899   0.36893
 6.74237   0.36667
 6.78725   0.36328
 6.83321   0.35871
 6.88039   0.35288
 6.92835   0.34582
 6.97741   0.33744
 7.02755   0.32771
 7.07860   0.31664
 7.13042   0.30425
 7.18294   0.29058
 7.23624   0.27562
 7.29019   0.25942
 7.34446   0.24215
 7.39913   0.22382
 7.45396   0.20459
 7.50888   0.18456
 7.56374   0.16387
 7.61846   0.14263
 7.67294   0.12099
 7.72708   0.09905
 7.78082   0.07695
 7.83407   0.05479
 7.88677   0.03269
 7.93885   0.01075
 7.99020  -0.01091
 8.04074  -0.03221
 8.09306  -0.05416
 8.14716  -0.07669
 8.20306  -0.09972
 8.26083  -0.12320
 8.32052  -0.14703
 8.38224  -0.17112
 8.44608  -0.19538
 8.51214  -0.21971
 8.58052  -0.24395
 8.65127  -0.26796
 8.72431  -0.29152
 8.79939  -0.31436
 8.87605  -0.33616
 8.95353  -0.35658
 9.03115  -0.37537
 9.10840  -0.39238
 9.18501  -0.40756
 9.26076  -0.42091
 9.33577  -0.43251
 9.41000  -0.44241
 9.48356  -0.45070
 9.55644  -0.45745
 9.62875  -0.46274
 9.70050  -0.46663
 9.77165  -0.46921
 9.84221  -0.47056
 9.91219  -0.47075
 9.98154  -0.46986
 10.05236  -0.46790
 10.12500  -0.46485
 10.19940  -0.46070
 10.27552  -0.45545
 10.35329  -0.44911
 10.43271  -0.44172
 10.51373  -0.43330
 10.59635  -0.42389
 10.68057  -0.41356
 10.76637  -0.40235
 10.85379  -0.39033
 10.94282  -0.37757
 11.03346  -0.36416
 11.12572  -0.35016
 11.21958  -0.33568
 11.31502  -0.32080
 11.41197  -0.30562
 11.51040  -0.29026
 11.61031  -0.27479
 11.71170  -0.25930
 11.81454  -0.24390
 11.91894  -0.22864
 12.02505  -0.21359
 12.13311  -0.19879
 12.24352  -0.18425
 12.35683  -0.17000
 12.47374  -0.15603
 12.59485  -0.14237
 12.71972  -0.12915
 12.84487  -0.11680
 12.96540  -0.10573
 13.07974  -0.09597
 13.18871  -0.08732
 13.29342  -0.07959
 13.39478  -0.07262
 13.49344  -0.06632
 13.58990  -0.06060
 13.68453  -0.05537
 13.77763  -0.05060
 13.86947  -0.04624
 13.96024  -0.04223
 14.05013  -0.03856
 14.13928  -0.03519
 14.22783  -0.03209
 14.31590  -0.02924
 14.40361  -0.02662
 14.49104  -0.02422
 14.57829  -0.02200
 14.66545  -0.01997
 14.75260  -0.01810
 14.83980  -0.01638
 14.92715  -0.01480
 15.01470  -0.01334
 15.10253  -0.01201
 15.19071  -0.01078
 15.27929  -0.00966
 15.36835  -0.00863
 15.45795  -0.00768
 15.54816  -0.00681
 15.63905  -0.00601
 15.73069  -0.00527
 15.82314  -0.00459
 15.91649  -0.00396
 16.01081  -0.00338
 16.10618  -0.00284
 16.20267  -0.00233
 16.30035  -0.00186
 16.39928  -0.00140
 16.49949  -0.00096
 16.60093  -0.00054
 16.70344  -0.00012
 16.73134  -0.00000
