 0.00018   0.00000
 0.00023   0.00000
 0.00028   0.00000
 0.00034   0.00000
 0.00041   0.00000
 0.00049   0.00000
 0.00059   0.00000
 0.00069   0.00000
 0.00082   0.00000
 0.00096   0.00000
 0.00112   0.00000
 0.00131   0.00000
 0.00151   0.00000
 0.00174   0.00000
 0.00201   0.00000
 0.00230   0.00000
 0.00262   0.00000
 0.00299   0.00000
 0.00339   0.00000
 0.00383   0.00001
 0.00433   0.00001
 0.00487   0.00001
 0.00546   0.00001
 0.00612   0.00001
 0.00684   0.00002
 0.00762   0.00002
 0.00848   0.00003
 0.00941   0.00003
 0.01044   0.00004
 0.01159   0.00005
 0.01279   0.00006
 0.01410   0.00007
 0.01551   0.00009
 0.01704   0.00011
 0.01868   0.00013
 0.02046   0.00016
 0.02228   0.00019
 0.02433   0.00022
 0.02654   0.00026
 0.02890   0.00031
 0.03144   0.00037
 0.03424   0.00044
 0.03716   0.00052
 0.03953   0.00058
 0.04189   0.00066
 0.04470   0.00075
 0.04835   0.00087
 0.05223   0.00102
 0.05647   0.00119
 0.05966   0.00133
 0.06285   0.00147
 0.06690   0.00167
 0.07203   0.00193
 0.07714   0.00222
 0.08294   0.00256
 0.09275   0.00319
 0.09989   0.00370
 0.10703   0.00424
 0.11461   0.00486
 0.11926   0.00526
 0.12391   0.00567
 0.12976   0.00621
 0.13904   0.00712
 0.14851   0.00810
 0.15766   0.00912
 0.16648   0.01014
 0.17466   0.01115
 0.18625   0.01264
 0.19640   0.01402
 0.20656   0.01547
 0.21689   0.01702
 0.22698   0.01859
 0.23662   0.02015
 0.24621   0.02177
 0.25680   0.02361
 0.26830   0.02569
 0.27922   0.02774
 0.28746   0.02934
 0.29570   0.03097
 0.30490   0.03284
 0.31673   0.03531
 0.32787   0.03770
 0.33901   0.04017
 0.34767   0.04213
 0.35632   0.04413
 0.36633   0.04649
 0.37908   0.04957
 0.38934   0.05211
 0.39961   0.05470
 0.41201   0.05789
 0.41822   0.05952
 0.42443   0.06116
 0.42876   0.06232
 0.43309   0.06348
 0.43760   0.06470
 0.45273   0.06886
 0.46787   0.07312
 0.47920   0.07637
 0.49054   0.07967
 0.49951   0.08231
 0.50849   0.08498
 0.52051   0.08861
 0.53178   0.09206
 0.54544   0.09628
 0.55891   0.10051
 0.56907   0.10373
 0.57923   0.10699
 0.59504   0.11211
 0.60929   0.11677
 0.62649   0.12246
 0.64245   0.12780
 0.65712   0.13275
 0.66975   0.13705
 0.68239   0.14137
 0.69529   0.14580
 0.70940   0.15068
 0.72654   0.15663
 0.74318   0.16243
 0.75952   0.16815
 0.77940   0.17513
 0.79929   0.18211
 0.82024   0.18948
 0.85075   0.20018
 0.86898   0.20654
 0.88721   0.21289
 0.90596   0.21937
 0.92435   0.22570
 0.93830   0.23046
 0.95225   0.23519
 0.96981   0.24110
 0.98799   0.24715
 1.00617   0.25313
 1.02416   0.25896
 1.04076   0.26428
 1.05597   0.26908
 1.06998   0.27345
 1.08399   0.27776
 1.09821   0.28207
 1.12428   0.28979
 1.15035   0.29726
 1.17389   0.30379
 1.19743   0.31010
 1.22020   0.31598
 1.23818   0.32046
 1.25617   0.32479
 1.27505   0.32917
 1.29399   0.33339
 1.31258   0.33736
 1.32943   0.34081
 1.35458   0.34567
 1.37894   0.35004
 1.40454   0.35429
 1.43124   0.35831
 1.45665   0.36175
 1.47995   0.36457
 1.50335   0.36706
 1.52565   0.36911
 1.54820   0.37087
 1.56805   0.37215
 1.58791   0.37317
 1.61072   0.37403
 1.63765   0.37461
 1.65786   0.37472
 1.67807   0.37456
 1.70165   0.37403
 1.72390   0.37319
 1.75480   0.37147
 1.79064   0.36866
 1.82573   0.36508
 1.87637   0.35846
 1.92328   0.35082
 1.96008   0.34382
 1.99555   0.33626
 2.04183   0.32522
 2.08803   0.31290
 2.13163   0.30014
 2.17903   0.28506
 2.22173   0.27045
 2.27090   0.25249
 2.31669   0.23474
 2.36910   0.21331
 2.41792   0.19237
 2.46774   0.17012
 2.51798   0.14689
 2.56785   0.12317
 2.61747   0.09900
 2.66684   0.07451
 2.71587   0.04987
 2.76447   0.02522
 2.81257   0.00073
 2.86020  -0.02353
 2.90794  -0.04776
 2.95644  -0.07216
 3.00571  -0.09665
 3.05579  -0.12112
 3.10674  -0.14547
 3.15854  -0.16955
 3.21091  -0.19310
 3.26353  -0.21585
 3.31758  -0.23815
 3.37246  -0.25960
 3.42687  -0.27958
 3.48323  -0.29881
 3.53821  -0.31608
 3.59361  -0.33189
 3.64852  -0.34594
 3.70293  -0.35821
 3.75643  -0.36863
 3.81215  -0.37772
 3.86390  -0.38452
 3.91698  -0.38984
 3.96998  -0.39348
 4.01925  -0.39535
 4.06766  -0.39579
 4.11718  -0.39480
 4.16795  -0.39231
 4.21890  -0.38832
 4.26985  -0.38287
 4.32088  -0.37599
 4.37302  -0.36752
 4.42732  -0.35721
 4.48313  -0.34510
 4.53886  -0.33153
 4.59538  -0.31634
 4.65321  -0.29941
 4.71093  -0.28119
 4.76890  -0.26166
 4.82768  -0.24070
 4.88700  -0.21849
 4.94662  -0.19519
 5.00640  -0.17097
 5.06622  -0.14599
 5.12604  -0.12039
 5.18583  -0.09429
 5.24555  -0.06784
 5.30519  -0.04114
 5.36472  -0.01433
 5.42412   0.01248
 5.48340   0.03919
 5.54413   0.06639
 5.60642   0.09403
 5.67039   0.12202
 5.73615   0.15028
 5.80384   0.17869
 5.87357   0.20712
 5.94548   0.23546
 6.01972   0.26353
 6.09638   0.29114
 6.17530   0.31801
 6.25618   0.34380
 6.33857   0.36817
 6.42220   0.39087
 6.50589   0.41148
 6.58910   0.42984
 6.67228   0.44607
 6.75462   0.46004
 6.83628   0.47185
 6.91739   0.48159
 6.99837   0.48938
 7.07928   0.49529
 7.16007   0.49939
 7.24066   0.50174
 7.32120   0.50244
 7.40179   0.50157
 7.48324   0.49919
 7.56613   0.49530
 7.65044   0.48995
 7.73653   0.48315
 7.82396   0.47496
 7.91310   0.46543
 8.00394   0.45462
 8.09648   0.44261
 8.19075   0.42948
 8.28699   0.41530
 8.38504   0.40019
 8.48510   0.38424
 8.58714   0.36757
 8.69114   0.35030
 8.79708   0.33258
 8.90483   0.31456
 9.01436   0.29638
 9.12558   0.27817
 9.23846   0.26007
 9.35308   0.24218
 9.46967   0.22458
 9.58860   0.20732
 9.71045   0.19043
 9.83604   0.17390
 9.96637   0.15775
 10.10211   0.14202
 10.24140   0.12704
 10.37794   0.11350
 10.50744   0.10167
 10.63031   0.09133
 10.74807   0.08221
 10.86195   0.07409
 10.97283   0.06680
 11.08136   0.06025
 11.18801   0.05432
 11.29316   0.04896
 11.39712   0.04410
 11.50014   0.03968
 11.60243   0.03567
 11.70418   0.03202
 11.80555   0.02870
 11.90669   0.02567
 12.00773   0.02293
 12.10880   0.02042
 12.21001   0.01815
 12.31148   0.01608
 12.41331   0.01419
 12.51560   0.01248
 12.61845   0.01091
 12.72197   0.00948
 12.82625   0.00818
 12.93140   0.00698
 13.03751   0.00588
 13.14469   0.00487
 13.25304   0.00392
 13.36265   0.00303
 13.47357   0.00219
 13.58582   0.00138
 13.69930   0.00059
 13.81375  -0.00020
 13.82756  -0.00030
