 0.00018   0.00000
 0.00023   0.00000
 0.00028   0.00000
 0.00034   0.00000
 0.00041   0.00000
 0.00049   0.00000
 0.00059   0.00000
 0.00069   0.00000
 0.00082   0.00000
 0.00096   0.00000
 0.00112   0.00000
 0.00131   0.00000
 0.00151   0.00000
 0.00174   0.00000
 0.00201   0.00000
 0.00230   0.00000
 0.00262   0.00000
 0.00299   0.00000
 0.00339   0.00001
 0.00383   0.00001
 0.00433   0.00001
 0.00487   0.00001
 0.00546   0.00002
 0.00612   0.00002
 0.00684   0.00002
 0.00762   0.00003
 0.00848   0.00004
 0.00942   0.00005
 0.01044   0.00006
 0.01159   0.00007
 0.01280   0.00008
 0.01410   0.00010
 0.01551   0.00012
 0.01704   0.00015
 0.01869   0.00018
 0.02046   0.00021
 0.02229   0.00025
 0.02434   0.00030
 0.02655   0.00036
 0.02892   0.00043
 0.03146   0.00050
 0.03423   0.00060
 0.03715   0.00070
 0.03952   0.00079
 0.04190   0.00089
 0.04471   0.00102
 0.04837   0.00119
 0.05227   0.00139
 0.05645   0.00162
 0.05967   0.00180
 0.06289   0.00200
 0.06699   0.00227
 0.07216   0.00263
 0.07750   0.00303
 0.08337   0.00351
 0.08981   0.00406
 0.09650   0.00469
 0.10340   0.00537
 0.11147   0.00623
 0.11891   0.00708
 0.12764   0.00814
 0.13487   0.00907
 0.13987   0.00974
 0.14486   0.01043
 0.15026   0.01121
 0.15540   0.01197
 0.16706   0.01379
 0.17672   0.01538
 0.18543   0.01688
 0.19544   0.01870
 0.20770   0.02103
 0.21998   0.02348
 0.22883   0.02533
 0.23769   0.02723
 0.24827   0.02959
 0.25908   0.03208
 0.26762   0.03411
 0.27616   0.03620
 0.28544   0.03852
 0.29832   0.04183
 0.30717   0.04417
 0.31602   0.04656
 0.32606   0.04933
 0.33641   0.05224
 0.34675   0.05522
 0.35885   0.05877
 0.36781   0.06146
 0.37678   0.06418
 0.38741   0.06746
 0.39886   0.07105
 0.40849   0.07412
 0.41813   0.07723
 0.42546   0.07961
 0.43093   0.08141
 0.43639   0.08321
 0.44696   0.08672
 0.45753   0.09028
 0.46967   0.09440
 0.48188   0.09858
 0.49409   0.10280
 0.50567   0.10683
 0.51939   0.11163
 0.53249   0.11625
 0.54482   0.12060
 0.55738   0.12506
 0.57289   0.13057
 0.58814   0.13599
 0.59886   0.13980
 0.60958   0.14360
 0.62569   0.14929
 0.63891   0.15394
 0.65213   0.15857
 0.66808   0.16410
 0.68657   0.17044
 0.69827   0.17441
 0.70998   0.17834
 0.72648   0.18380
 0.74263   0.18905
 0.75994   0.19457
 0.77769   0.20008
 0.79545   0.20545
 0.80931   0.20953
 0.82317   0.21350
 0.83664   0.21726
 0.85395   0.22192
 0.87010   0.22610
 0.89022   0.23106
 0.90982   0.23563
 0.92942   0.23991
 0.95098   0.24427
 0.96821   0.24749
 0.98545   0.25046
 1.00280   0.25320
 1.01786   0.25536
 1.03292   0.25732
 1.04774   0.25904
 1.06741   0.26101
 1.08662   0.26258
 1.10515   0.26375
 1.12259   0.26455
 1.13854   0.26501
 1.16038   0.26522
 1.19058   0.26471
 1.22079   0.26326
 1.23815   0.26200
 1.25552   0.26042
 1.27413   0.25838
 1.29322   0.25591
 1.31926   0.25193
 1.34290   0.24772
 1.36449   0.24337
 1.38664   0.23843
 1.41133   0.23234
 1.43977   0.22460
 1.46969   0.21563
 1.49946   0.20590
 1.52961   0.19525
 1.56051   0.18356
 1.59448   0.16983
 1.63472   0.15250
 1.67366   0.13470
 1.71166   0.11648
 1.74765   0.09855
 1.78210   0.08086
 1.81830   0.06183
 1.85339   0.04303
 1.88900   0.02373
 1.92406   0.00459
 1.95895  -0.01448
 1.99369  -0.03340
 2.02865  -0.05225
 2.06377  -0.07090
 2.09929  -0.08938
 2.13460  -0.10725
 2.17064  -0.12488
 2.20614  -0.14155
 2.24164  -0.15743
 2.27744  -0.17256
 2.31178  -0.18616
 2.34740  -0.19924
 2.38103  -0.21057
 2.41540  -0.22107
 2.44973  -0.23040
 2.48242  -0.23818
 2.51710  -0.24522
 2.54865  -0.25049
 2.57986  -0.25463
 2.61091  -0.25767
 2.64241  -0.25965
 2.67487  -0.26050
 2.70593  -0.26020
 2.73542  -0.25890
 2.76544  -0.25657
 2.79598  -0.25316
 2.82652  -0.24873
 2.85743  -0.24322
 2.88890  -0.23657
 2.92101  -0.22875
 2.95416  -0.21960
 2.98853  -0.20901
 3.02199  -0.19769
 3.05664  -0.18495
 3.09097  -0.17140
 3.12599  -0.15668
 3.16127  -0.14102
 3.19690  -0.12444
 3.23254  -0.10718
 3.26860  -0.08914
 3.30452  -0.07067
 3.34060  -0.05172
 3.37654  -0.03258
 3.41236  -0.01331
 3.44804   0.00594
 3.48353   0.02507
 3.51924   0.04418
 3.55526   0.06322
 3.59159   0.08207
 3.62818   0.10060
 3.66494   0.11866
 3.70196   0.13616
 3.73902   0.15292
 3.77592   0.16874
 3.81283   0.18362
 3.84965   0.19743
 3.88590   0.20997
 3.92196   0.22131
 3.95769   0.23140
 3.99271   0.24012
 4.02770   0.24764
 4.06184   0.25379
 4.09584   0.25873
 4.12925   0.26241
 4.16211   0.26487
 4.19488   0.26619
 4.22717   0.26638
 4.25874   0.26548
 4.29063   0.26351
 4.32306   0.26040
 4.35624   0.25611
 4.38944   0.25069
 4.42309   0.24409
 4.45750   0.23621
 4.49201   0.22721
 4.52718   0.21695
 4.56257   0.20556
 4.59861   0.19293
 4.63488   0.17925
 4.67168   0.16442
 4.70876   0.14862
 4.74605   0.13193
 4.78363   0.11440
 4.82140   0.09616
 4.85921   0.07737
 4.89703   0.05815
 4.93481   0.03865
 4.97250   0.01898
 5.01005  -0.00072
 5.04742  -0.02032
 5.08491  -0.03988
 5.12276  -0.05941
 5.16097  -0.07880
 5.19951  -0.09793
 5.23834  -0.11666
 5.27740  -0.13485
 5.31662  -0.15234
 5.35592  -0.16901
 5.39520  -0.18472
 5.43436  -0.19935
 5.47332  -0.21280
 5.51195  -0.22498
 5.55017  -0.23585
 5.58793  -0.24536
 5.62522  -0.25353
 5.66217  -0.26038
 5.69865  -0.26591
 5.73459  -0.27012
 5.77021  -0.27308
 5.80528  -0.27480
 5.83999  -0.27533
 5.87421  -0.27472
 5.90860  -0.27297
 5.94331  -0.27007
 5.97860  -0.26596
 6.01424  -0.26064
 6.05046  -0.25407
 6.08707  -0.24627
 6.12413  -0.23722
 6.16176  -0.22689
 6.19980  -0.21533
 6.23826  -0.20258
 6.27714  -0.18865
 6.31644  -0.17361
 6.35610  -0.15751
 6.39606  -0.14046
 6.43626  -0.12255
 6.47662  -0.10391
 6.51707  -0.08466
 6.55755  -0.06495
 6.59798  -0.04491
 6.63832  -0.02468
 6.67853  -0.00438
 6.71857   0.01586
 6.75861   0.03601
 6.79907   0.05618
 6.83996   0.07628
 6.88127   0.09616
 6.92297   0.11570
 6.96501   0.13476
 7.00733   0.15319
 7.04982   0.17083
 7.09238   0.18754
 7.13492   0.20318
 7.17733   0.21764
 7.21946   0.23082
 7.26125   0.24266
 7.30266   0.25311
 7.34366   0.26215
 7.38421   0.26979
 7.42430   0.27603
 7.46392   0.28090
 7.50308   0.28441
 7.54177   0.28661
 7.58001   0.28753
 7.61780   0.28723
 7.65538   0.28574
 7.69349   0.28302
 7.73211   0.27904
 7.77123   0.27379
 7.81085   0.26723
 7.85099   0.25936
 7.89164   0.25018
 7.93282   0.23968
 7.97450   0.22787
 8.01668   0.21479
 8.05930   0.20049
 8.10234   0.18501
 8.14576   0.16844
 8.18950   0.15085
 8.23347   0.13238
 8.27763   0.11312
 8.32188   0.09321
 8.36617   0.07280
 8.41042   0.05202
 8.45459   0.03101
 8.49864   0.00989
 8.54254  -0.01120
 8.58628  -0.03216
 8.63055  -0.05322
 8.67537  -0.07425
 8.72072  -0.09514
 8.76660  -0.11576
 8.81298  -0.13598
 8.85980  -0.15563
 8.90698  -0.17456
 8.95442  -0.19261
 9.00200  -0.20962
 9.04958  -0.22546
 9.09704  -0.24001
 9.14425  -0.25316
 9.19114  -0.26487
 9.23762  -0.27508
 9.28367  -0.28379
 9.32924  -0.29099
 9.37434  -0.29671
 9.41897  -0.30097
 9.46312  -0.30380
 9.50682  -0.30524
 9.55008  -0.30533
 9.59290  -0.30414
 9.63622  -0.30162
 9.68012  -0.29777
 9.72460  -0.29254
 9.76969  -0.28591
 9.81535  -0.27788
 9.86162  -0.26843
 9.90846  -0.25758
 9.95588  -0.24534
 10.00384  -0.23175
 10.05231  -0.21684
 10.10124  -0.20069
 10.15058  -0.18337
 10.20027  -0.16499
 10.25023  -0.14564
 10.30039  -0.12546
 10.35069  -0.10457
 10.40104  -0.08312
 10.45141  -0.06124
 10.50173  -0.03907
 10.55197  -0.01673
 10.60211   0.00564
 10.65213   0.02793
 10.70267   0.05032
 10.75397   0.07279
 10.80605   0.09522
 10.85893   0.11750
 10.91260   0.13949
 10.96705   0.16104
 11.02223   0.18198
 11.07805   0.20214
 11.13438   0.22134
 11.19108   0.23940
 11.24796   0.25616
 11.30486   0.27148
 11.36160   0.28525
 11.41807   0.29741
 11.47417   0.30790
 11.52985   0.31672
 11.58508   0.32387
 11.63985   0.32936
 11.69417   0.33325
 11.74805   0.33555
 11.80151   0.33632
 11.85457   0.33560
 11.90780   0.33342
 11.96179   0.32974
 12.01653   0.32452
 12.07203   0.31777
 12.12830   0.30945
 12.18532   0.29957
 12.24308   0.28815
 12.30155   0.27520
 12.36071   0.26076
 12.42050   0.24490
 12.48089   0.22768
 12.54181   0.20919
 12.60322   0.18952
 12.66504   0.16878
 12.72724   0.14709
 12.78975   0.12457
 12.85254   0.10135
 12.91558   0.07755
 12.97885   0.05329
 13.04233   0.02871
 13.10603   0.00390
 13.16995  -0.02100
 13.23453  -0.04607
 13.30062  -0.07151
 13.36835  -0.09724
 13.43785  -0.12316
 13.50928  -0.14916
 13.58279  -0.17514
 13.65854  -0.20095
 13.73668  -0.22644
 13.81726  -0.25139
 13.90023  -0.27557
 13.98531  -0.29867
 14.07197  -0.32035
 14.15952  -0.34028
 14.24730  -0.35824
 14.33490  -0.37411
 14.42207  -0.38786
 14.50880  -0.39953
 14.59515  -0.40917
 14.68124  -0.41688
 14.76718  -0.42272
 14.85313  -0.42677
 14.93918  -0.42910
 15.02544  -0.42980
 15.11206  -0.42893
 15.19963  -0.42655
 15.28862  -0.42269
 15.37912  -0.41739
 15.47117  -0.41071
 15.56485  -0.40270
 15.66027  -0.39342
 15.75752  -0.38295
 15.85673  -0.37135
 15.95801  -0.35872
 16.06147  -0.34514
 16.16719  -0.33073
 16.27523  -0.31558
 16.38557  -0.29985
 16.49814  -0.28366
 16.61281  -0.26718
 16.72943  -0.25057
 16.84791  -0.23397
 16.96823  -0.21751
 17.09052  -0.20130
 17.21512  -0.18539
 17.34259  -0.16984
 17.47377  -0.15466
 17.60981  -0.13983
 17.75192  -0.12537
 17.89969  -0.11146
 18.04723  -0.09871
 18.18764  -0.08761
 18.32030  -0.07803
 18.44703  -0.06965
 18.56939  -0.06225
 18.68847  -0.05568
 18.80502  -0.04980
 18.91961  -0.04453
 19.03269  -0.03980
 19.14460  -0.03553
 19.25563  -0.03170
 19.36602  -0.02824
 19.47599  -0.02512
 19.58573  -0.02231
 19.69540  -0.01977
 19.80515  -0.01749
 19.91514  -0.01544
 20.02549  -0.01360
 20.13634  -0.01195
 20.24781  -0.01046
 20.36004  -0.00913
 20.47313  -0.00794
 20.58722  -0.00688
 20.70243  -0.00593
 20.81888  -0.00508
 20.93673  -0.00433
 21.05610  -0.00365
 21.17714  -0.00305
 21.30001  -0.00251
 21.42490  -0.00202
 21.55197  -0.00157
 21.68143  -0.00117
 21.81346  -0.00078
 21.94820  -0.00042
 22.08563  -0.00006
 22.22532   0.00030
 22.26942   0.00041
