 0.00032   0.00000
 0.00047   0.00000
 0.00069   0.00000
 0.00096   0.00000
 0.00130   0.00000
 0.00169   0.00000
 0.00215   0.00000
 0.00269   0.00000
 0.00330   0.00000
 0.00399   0.00000
 0.00476   0.00000
 0.00562   0.00000
 0.00657   0.00000
 0.00760   0.00000
 0.00874   0.00000
 0.00997   0.00000
 0.01130   0.00000
 0.01274   0.00000
 0.01429   0.00000
 0.01594   0.00000
 0.01770   0.00000
 0.01958   0.00000
 0.02158   0.00000
 0.02369   0.00000
 0.02593   0.00000
 0.02830   0.00000
 0.03079   0.00001
 0.03344   0.00001
 0.03620   0.00001
 0.03908   0.00001
 0.04211   0.00001
 0.04525   0.00002
 0.04856   0.00002
 0.05201   0.00003
 0.05561   0.00003
 0.05935   0.00004
 0.06325   0.00005
 0.06728   0.00006
 0.07149   0.00007
 0.07599   0.00009
 0.08053   0.00010
 0.08493   0.00012
 0.08978   0.00014
 0.09482   0.00016
 0.10001   0.00019
 0.10538   0.00023
 0.11095   0.00026
 0.11672   0.00031
 0.12266   0.00036
 0.12900   0.00041
 0.13533   0.00048
 0.14176   0.00055
 0.14936   0.00064
 0.15632   0.00073
 0.16342   0.00083
 0.17111   0.00096
 0.17822   0.00108
 0.18606   0.00123
 0.19387   0.00139
 0.20257   0.00158
 0.21268   0.00182
 0.22273   0.00209
 0.23346   0.00240
 0.24413   0.00273
 0.25500   0.00311
 0.26582   0.00351
 0.27655   0.00394
 0.28714   0.00440
 0.29759   0.00488
 0.30813   0.00540
 0.31904   0.00598
 0.33045   0.00662
 0.33974   0.00718
 0.34904   0.00776
 0.36008   0.00849
 0.36963   0.00915
 0.37918   0.00985
 0.39269   0.01089
 0.40680   0.01205
 0.41808   0.01302
 0.42937   0.01405
 0.44043   0.01510
 0.45105   0.01615
 0.46097   0.01718
 0.47058   0.01820
 0.48096   0.01935
 0.49100   0.02051
 0.50075   0.02167
 0.51086   0.02291
 0.52103   0.02420
 0.53093   0.02549
 0.54085   0.02683
 0.55100   0.02824
 0.56104   0.02968
 0.57095   0.03114
 0.58097   0.03265
 0.59106   0.03422
 0.60107   0.03581
 0.61102   0.03744
 0.62106   0.03912
 0.63112   0.04084
 0.64112   0.04260
 0.65113   0.04440
 0.66122   0.04625
 0.67170   0.04821
 0.68858   0.05147
 0.71029   0.05582
 0.72889   0.05969
 0.74750   0.06369
 0.76723   0.06807
 0.78747   0.07270
 0.80822   0.07759
 0.82986   0.08284
 0.85360   0.08877
 0.87749   0.09490
 0.90047   0.10094
 0.93102   0.10919
 0.96156   0.11764
 0.99003   0.12568
 1.00758   0.13070
 1.02514   0.13577
 1.04276   0.14090
 1.06079   0.14619
 1.07863   0.15144
 1.09989   0.15773
 1.12374   0.16481
 1.15021   0.17267
 1.17141   0.17895
 1.19078   0.18467
 1.21115   0.19066
 1.23083   0.19640
 1.25149   0.20237
 1.27035   0.20776
 1.28842   0.21287
 1.30649   0.21791
 1.32659   0.22343
 1.34815   0.22923
 1.36911   0.23474
 1.39006   0.24012
 1.41381   0.24603
 1.43757   0.25173
 1.45838   0.25654
 1.47920   0.26116
 1.50400   0.26642
 1.53081   0.27176
 1.55763   0.27674
 1.57818   0.28029
 1.59873   0.28360
 1.61995   0.28676
 1.64116   0.28964
 1.66320   0.29234
 1.68567   0.29477
 1.70866   0.29690
 1.73395   0.29883
 1.76456   0.30056
 1.78918   0.30145
 1.81379   0.30191
 1.83815   0.30190
 1.85887   0.30154
 1.87959   0.30085
 1.90488   0.29956
 1.92878   0.29787
 1.95583   0.29541
 1.98095   0.29261
 2.01216   0.28844
 2.04338   0.28349
 2.07348   0.27798
 2.10409   0.27166
 2.14180   0.26288
 2.18047   0.25276
 2.21549   0.24265
 2.25531   0.23009
 2.29247   0.21740
 2.32963   0.20382
 2.36595   0.18973
 2.40469   0.17386
 2.44511   0.15647
 2.48435   0.13883
 2.52315   0.12074
 2.56096   0.10257
 2.59780   0.08443
 2.63393   0.06630
 2.66978   0.04803
 2.70487   0.02997
 2.73938   0.01209
 2.77324  -0.00550
 2.80648  -0.02275
 2.84000  -0.04006
 2.87400  -0.05747
 2.90850  -0.07493
 2.94342  -0.09230
 2.97889  -0.10958
 3.01462  -0.12654
 3.05100  -0.14328
 3.08752  -0.15948
 3.12402  -0.17499
 3.16164  -0.19018
 3.19881  -0.20436
 3.23537  -0.21741
 3.27270  -0.22978
 3.30989  -0.24109
 3.34562  -0.25094
 3.38166  -0.25984
 3.41717  -0.26755
 3.45108  -0.27391
 3.48522  -0.27929
 3.51908  -0.28360
 3.55131  -0.28674
 3.58374  -0.28893
 3.61674  -0.29017
 3.64671  -0.29043
 3.67578  -0.28988
 3.70501  -0.28854
 3.73572  -0.28630
 3.76677  -0.28315
 3.79824  -0.27908
 3.83052  -0.27400
 3.86381  -0.26781
 3.89887  -0.26028
 3.93310  -0.25195
 3.96893  -0.24224
 4.00430  -0.23169
 4.04100  -0.21978
 4.07753  -0.20701
 4.11418  -0.19334
 4.15171  -0.17849
 4.18908  -0.16293
 4.22634  -0.14670
 4.26364  -0.12983
 4.30088  -0.11243
 4.33777  -0.09472
 4.37429  -0.07679
 4.41048  -0.05871
 4.44621  -0.04064
 4.48146  -0.02265
 4.51621  -0.00483
 4.55044   0.01274
 4.58439   0.03013
 4.61894   0.04771
 4.65410   0.06542
 4.68984   0.08318
 4.72616   0.10090
 4.76305   0.11848
 4.80050   0.13584
 4.83840   0.15283
 4.87672   0.16934
 4.91542   0.18527
 4.95443   0.20050
 4.99363   0.21489
 5.03281   0.22831
 5.07179   0.24064
 5.11041   0.25181
 5.14854   0.26176
 5.18611   0.27049
 5.22331   0.27804
 5.26009   0.28442
 5.29595   0.28958
 5.33127   0.29361
 5.36593   0.29656
 5.39985   0.29846
 5.43296   0.29938
 5.46568   0.29937
 5.49733   0.29850
 5.52965   0.29675
 5.56280   0.29405
 5.59701   0.29033
 5.63156   0.28560
 5.66701   0.27976
 5.70294   0.27286
 5.73978   0.26477
 5.77703   0.25559
 5.81487   0.24527
 5.85342   0.23378
 5.89245   0.22118
 5.93184   0.20754
 5.97154   0.19292
 6.01147   0.17739
 6.05152   0.16105
 6.09159   0.14402
 6.13156   0.12642
 6.17135   0.10838
 6.21086   0.09001
 6.25001   0.07144
 6.28876   0.05279
 6.32706   0.03415
 6.36488   0.01562
 6.40218  -0.00272
 6.43894  -0.02078
 6.47597  -0.03890
 6.51372  -0.05723
 6.55218  -0.07570
 6.59135  -0.09421
 6.63123  -0.11269
 6.67179  -0.13103
 6.71301  -0.14912
 6.75485  -0.16683
 6.79724  -0.18406
 6.84007  -0.20063
 6.88321  -0.21643
 6.92656  -0.23131
 6.96990  -0.24516
 7.01305  -0.25784
 7.05595  -0.26932
 7.09844  -0.27954
 7.14033  -0.28844
 7.18165  -0.29607
 7.22237  -0.30243
 7.26244  -0.30756
 7.30183  -0.31149
 7.34049  -0.31427
 7.37838  -0.31596
 7.41548  -0.31662
 7.45185  -0.31630
 7.48797  -0.31506
 7.52490  -0.31284
 7.56279  -0.30958
 7.60149  -0.30523
 7.64095  -0.29976
 7.68117  -0.29313
 7.72215  -0.28532
 7.76385  -0.27630
 7.80627  -0.26607
 7.84930  -0.25465
 7.89288  -0.24206
 7.93699  -0.22832
 7.98152  -0.21352
 8.02637  -0.19771
 8.07144  -0.18100
 8.11659  -0.16350
 8.16173  -0.14532
 8.20675  -0.12660
 8.25155  -0.10745
 8.29604  -0.08801
 8.34016  -0.06838
 8.38386  -0.04869
 8.42709  -0.02903
 8.46980  -0.00950
 8.51196   0.00981
 8.55354   0.02883
 8.59607   0.04818
 8.63953   0.06778
 8.68393   0.08756
 8.72928   0.10742
 8.77558   0.12729
 8.82282   0.14704
 8.87100   0.16656
 8.92006   0.18572
 8.96993   0.20439
 9.02052   0.22240
 9.07167   0.23959
 9.12319   0.25580
 9.17487   0.27089
 9.22647   0.28472
 9.27781   0.29721
 9.32872   0.30830
 9.37907   0.31796
 9.42879   0.32620
 9.47784   0.33305
 9.52617   0.33853
 9.57378   0.34269
 9.62064   0.34559
 9.66669   0.34728
 9.71196   0.34783
 9.75638   0.34731
 9.80093   0.34573
 9.84656   0.34305
 9.89324   0.33920
 9.94095   0.33413
 9.98964   0.32781
 10.03928   0.32022
 10.08985   0.31131
 10.14130   0.30110
 10.19358   0.28958
 10.24663   0.27677
 10.30037   0.26271
 10.35471   0.24746
 10.40954   0.23108
 10.46478   0.21366
 10.52029   0.19530
 10.57598   0.17611
 10.63174   0.15621
 10.68748   0.13572
 10.74312   0.11475
 10.79857   0.09342
 10.85377   0.07184
 10.90867   0.05014
 10.96320   0.02840
 11.01732   0.00674
 11.07096  -0.01476
 11.12448  -0.03616
 11.17964  -0.05810
 11.23648  -0.08051
 11.29507  -0.10333
 11.35550  -0.12647
 11.41785  -0.14987
 11.48224  -0.17344
 11.54879  -0.19706
 11.61761  -0.22062
 11.68878  -0.24398
 11.76229  -0.26694
 11.83797  -0.28926
 11.91541  -0.31064
 11.99400  -0.33078
 12.07300  -0.34938
 12.15182  -0.36626
 12.23010  -0.38135
 12.30769  -0.39465
 12.38458  -0.40619
 12.46082  -0.41606
 12.53646  -0.42430
 12.61157  -0.43100
 12.68622  -0.43622
 12.76046  -0.44004
 12.83433  -0.44252
 12.90788  -0.44374
 12.98106  -0.44377
 13.05396  -0.44267
 13.12856  -0.44046
 13.20476  -0.43712
 13.28266  -0.43265
 13.36216  -0.42708
 13.44326  -0.42043
 13.52596  -0.41273
 13.61027  -0.40402
 13.69617  -0.39436
 13.78373  -0.38379
 13.87295  -0.37239
 13.96385  -0.36023
 14.05646  -0.34737
 14.15082  -0.33390
 14.24687  -0.31992
 14.34464  -0.30551
 14.44405  -0.29078
 14.54505  -0.27584
 14.64762  -0.26079
 14.75174  -0.24572
 14.85737  -0.23072
 14.96464  -0.21587
 15.07367  -0.20123
 15.18476  -0.18684
 15.29836  -0.17273
 15.41508  -0.15890
 15.53568  -0.14535
 15.66084  -0.13212
 15.78990  -0.11936
 15.91871  -0.10752
 16.04223  -0.09699
 16.15935  -0.08775
 16.27113  -0.07956
 16.37876  -0.07226
 16.48313  -0.06570
 16.58491  -0.05976
 16.68459  -0.05438
 16.78255  -0.04949
 16.87909  -0.04503
 16.97447  -0.04096
 17.06890  -0.03724
 17.16255  -0.03383
 17.25559  -0.03072
 17.34815  -0.02787
 17.44035  -0.02526
 17.53232  -0.02287
 17.62415  -0.02068
 17.71593  -0.01868
 17.80777  -0.01685
 17.89974  -0.01518
 17.99193  -0.01365
 18.08442  -0.01225
 18.17729  -0.01098
 18.27060  -0.00982
 18.36445  -0.00876
 18.45889  -0.00780
 18.55401  -0.00692
 18.64988  -0.00612
 18.74658  -0.00540
 18.84420  -0.00474
 18.94280  -0.00415
 19.04249  -0.00361
 19.14334  -0.00311
 19.24546  -0.00267
 19.34895  -0.00226
 19.45391  -0.00188
 19.56047  -0.00154
 19.66874  -0.00122
 19.77884  -0.00092
 19.89088  -0.00064
 20.00490  -0.00036
 20.12084  -0.00010
 20.23833   0.00018
 20.24493   0.00019
