 0.00032   0.00000
 0.00047   0.00000
 0.00069   0.00000
 0.00096   0.00000
 0.00130   0.00000
 0.00169   0.00000
 0.00215   0.00000
 0.00269   0.00000
 0.00330   0.00000
 0.00399   0.00000
 0.00476   0.00000
 0.00562   0.00000
 0.00657   0.00000
 0.00760   0.00000
 0.00874   0.00000
 0.00997   0.00000
 0.01130   0.00000
 0.01274   0.00000
 0.01429   0.00000
 0.01594   0.00000
 0.01770   0.00000
 0.01958   0.00000
 0.02158   0.00000
 0.02369   0.00000
 0.02593   0.00000
 0.02830   0.00000
 0.03079   0.00001
 0.03344   0.00001
 0.03619   0.00001
 0.03908   0.00001
 0.04211   0.00001
 0.04525   0.00002
 0.04856   0.00002
 0.05201   0.00002
 0.05560   0.00003
 0.05935   0.00004
 0.06325   0.00004
 0.06728   0.00005
 0.07149   0.00006
 0.07599   0.00008
 0.08052   0.00009
 0.08490   0.00011
 0.08976   0.00012
 0.09479   0.00015
 0.09997   0.00017
 0.10535   0.00020
 0.11091   0.00023
 0.11660   0.00027
 0.12252   0.00032
 0.12890   0.00037
 0.13522   0.00042
 0.14163   0.00049
 0.14929   0.00057
 0.15624   0.00065
 0.16332   0.00074
 0.17026   0.00084
 0.17719   0.00095
 0.18498   0.00107
 0.19283   0.00121
 0.20231   0.00140
 0.21212   0.00161
 0.22258   0.00186
 0.23313   0.00213
 0.24399   0.00243
 0.25484   0.00277
 0.26569   0.00313
 0.27645   0.00351
 0.28706   0.00392
 0.29752   0.00435
 0.30799   0.00482
 0.31882   0.00533
 0.33010   0.00589
 0.34026   0.00644
 0.35042   0.00701
 0.36079   0.00763
 0.37042   0.00823
 0.38064   0.00890
 0.39064   0.00959
 0.40056   0.01031
 0.41071   0.01108
 0.41848   0.01169
 0.42625   0.01232
 0.43549   0.01310
 0.44737   0.01414
 0.46231   0.01552
 0.47611   0.01687
 0.49482   0.01880
 0.51664   0.02123
 0.53433   0.02332
 0.54749   0.02495
 0.56065   0.02665
 0.57337   0.02835
 0.58661   0.03019
 0.60530   0.03290
 0.62402   0.03574
 0.63777   0.03792
 0.64964   0.03985
 0.66152   0.04185
 0.67340   0.04389
 0.68650   0.04620
 0.70455   0.04950
 0.71903   0.05223
 0.73352   0.05504
 0.74833   0.05799
 0.76957   0.06235
 0.79081   0.06688
 0.80826   0.07070
 0.82570   0.07463
 0.84386   0.07883
 0.85897   0.08240
 0.87408   0.08604
 0.89005   0.08996
 0.90781   0.09440
 0.92556   0.09892
 0.94426   0.10378
 0.96304   0.10874
 0.98388   0.11435
 1.00661   0.12056
 1.02822   0.12657
 1.05021   0.13276
 1.07445   0.13968
 1.09714   0.14623
 1.11940   0.15270
 1.14341   0.15973
 1.16521   0.16615
 1.18625   0.17236
 1.20757   0.17866
 1.23004   0.18530
 1.24831   0.19069
 1.26658   0.19606
 1.28680   0.20197
 1.30851   0.20828
 1.32799   0.21389
 1.34747   0.21945
 1.36953   0.22566
 1.39180   0.23184
 1.40970   0.23673
 1.42760   0.24154
 1.44909   0.24720
 1.47434   0.25369
 1.50518   0.26135
 1.54162   0.26996
 1.57578   0.27757
 1.60465   0.28362
 1.62857   0.28835
 1.64908   0.29218
 1.66958   0.29581
 1.69049   0.29928
 1.71140   0.30252
 1.72984   0.30518
 1.74828   0.30764
 1.77135   0.31044
 1.79472   0.31296
 1.81680   0.31502
 1.84076   0.31691
 1.87083   0.31875
 1.90071   0.31999
 1.93058   0.32061
 1.96539   0.32055
 1.98909   0.32002
 2.01278   0.31909
 2.03417   0.31790
 2.05741   0.31623
 2.08396   0.31384
 2.11258   0.31068
 2.14061   0.30701
 2.18151   0.30062
 2.21431   0.29461
 2.24711   0.28783
 2.27887   0.28054
 2.31231   0.27210
 2.35311   0.26078
 2.39391   0.24836
 2.43410   0.23509
 2.47430   0.22084
 2.51374   0.20597
 2.55318   0.19026
 2.59576   0.17244
 2.63721   0.15429
 2.67719   0.13613
 2.71669   0.11762
 2.75584   0.09878
 2.79451   0.07978
 2.83257   0.06077
 2.86985   0.04192
 2.90638   0.02329
 2.94222   0.00494
 2.97735  -0.01307
 3.01205  -0.03082
 3.04737  -0.04877
 3.08328  -0.06686
 3.11979  -0.08501
 3.15682  -0.10311
 3.19440  -0.12108
 3.23266  -0.13890
 3.27139  -0.15637
 3.31044  -0.17334
 3.34968  -0.18967
 3.38901  -0.20525
 3.42838  -0.21997
 3.46765  -0.23373
 3.50681  -0.24648
 3.54613  -0.25826
 3.58550  -0.26897
 3.62482  -0.27853
 3.66406  -0.28692
 3.70282  -0.29404
 3.74029  -0.29979
 3.77591  -0.30421
 3.81128  -0.30757
 3.84599  -0.30986
 3.87964  -0.31113
 3.91205  -0.31147
 3.94505  -0.31091
 3.97781  -0.30947
 4.01025  -0.30717
 4.04388  -0.30389
 4.08014  -0.29932
 4.11523  -0.29392
 4.15182  -0.28727
 4.18890  -0.27950
 4.22596  -0.27072
 4.26421  -0.26065
 4.30364  -0.24922
 4.34331  -0.23670
 4.38331  -0.22311
 4.42362  -0.20847
 4.46417  -0.19287
 4.50485  -0.17640
 4.54549  -0.15919
 4.58594  -0.14141
 4.62612  -0.12315
 4.66598  -0.10454
 4.70545  -0.08571
 4.74446  -0.06676
 4.78298  -0.04780
 4.82093  -0.02894
 4.85830  -0.01027
 4.89507   0.00813
 4.93119   0.02618
 4.96799   0.04449
 5.00555   0.06302
 5.04386   0.08169
 5.08290   0.10042
 5.12267   0.11912
 5.16314   0.13768
 5.20430   0.15600
 5.24612   0.17395
 5.28847   0.19140
 5.33120   0.20818
 5.37431   0.22419
 5.41775   0.23934
 5.46102   0.25337
 5.50415   0.26625
 5.54719   0.27796
 5.58960   0.28834
 5.63135   0.29739
 5.67260   0.30517
 5.71332   0.31168
 5.75341   0.31695
 5.79279   0.32101
 5.83135   0.32391
 5.86898   0.32569
 5.90562   0.32644
 5.94164   0.32624
 5.97714   0.32512
 6.01332   0.32306
 6.05087   0.31994
 6.08901   0.31577
 6.12788   0.31050
 6.16756   0.30408
 6.20806   0.29647
 6.24929   0.28766
 6.29125   0.27763
 6.33396   0.26636
 6.37739   0.25386
 6.42123   0.24023
 6.46553   0.22550
 6.51024   0.20970
 6.55509   0.19299
 6.60012   0.17543
 6.64506   0.15718
 6.68992   0.13833
 6.73450   0.11905
 6.77878   0.09944
 6.82265   0.07963
 6.86605   0.05974
 6.90894   0.03987
 6.95126   0.02012
 6.99297   0.00059
 7.03404  -0.01864
 7.07521  -0.03786
 7.11736  -0.05741
 7.16049  -0.07722
 7.20460  -0.09721
 7.24969  -0.11727
 7.29575  -0.13732
 7.34278  -0.15726
 7.39075  -0.17694
 7.43960  -0.19625
 7.48927  -0.21502
 7.53964  -0.23312
 7.59054  -0.25036
 7.64176  -0.26659
 7.69311  -0.28166
 7.74436  -0.29545
 7.79532  -0.30788
 7.84584  -0.31890
 7.89577  -0.32848
 7.94503  -0.33662
 7.99357  -0.34336
 8.04132  -0.34874
 8.08822  -0.35279
 8.13431  -0.35559
 8.17964  -0.35721
 8.22398  -0.35770
 8.26750  -0.35713
 8.31117  -0.35554
 8.35598  -0.35286
 8.40195  -0.34901
 8.44895  -0.34396
 8.49694  -0.33767
 8.54599  -0.33008
 8.59601  -0.32118
 8.64694  -0.31095
 8.69871  -0.29942
 8.75124  -0.28658
 8.80447  -0.27248
 8.85834  -0.25716
 8.91271  -0.24069
 8.96748  -0.22316
 9.02253  -0.20468
 9.07773  -0.18535
 9.13300  -0.16529
 9.18821  -0.14463
 9.24327  -0.12348
 9.29812  -0.10198
 9.35266  -0.08023
 9.40684  -0.05836
 9.46058  -0.03646
 9.51384  -0.01464
 9.56653   0.00699
 9.61859   0.02834
 9.67193   0.05013
 9.72697   0.07246
 9.78377   0.09525
 9.84238   0.11845
 9.90290   0.14196
 9.96541   0.16571
 10.03004   0.18961
 10.09688   0.21353
 10.16604   0.23735
 10.23756   0.26090
 10.31137   0.28397
 10.38720   0.30629
 10.46454   0.32754
 10.54268   0.34741
 10.62094   0.36564
 10.69882   0.38209
 10.77603   0.39673
 10.85251   0.40958
 10.92826   0.42070
 11.00331   0.43014
 11.07775   0.43800
 11.15162   0.44432
 11.22498   0.44920
 11.29788   0.45271
 11.37029   0.45490
 11.44229   0.45587
 11.51386   0.45568
 11.58537   0.45440
 11.65864   0.45202
 11.73360   0.44852
 11.81029   0.44391
 11.88859   0.43821
 11.96850   0.43143
 12.05001   0.42360
 12.13314   0.41478
 12.21788   0.40499
 12.30424   0.39431
 12.39224   0.38279
 12.48187   0.37051
 12.57317   0.35753
 12.66614   0.34394
 12.76079   0.32983
 12.85707   0.31529
 12.95497   0.30042
 13.05441   0.28533
 13.15537   0.27011
 13.25784   0.25486
 13.36183   0.23966
 13.46735   0.22460
 13.57460   0.20973
 13.68378   0.19511
 13.79529   0.18075
 13.90970   0.16668
 14.02769   0.15289
 14.14999   0.13940
 14.27643   0.12632
 14.40394   0.11403
 14.52727   0.10298
 14.64427   0.09325
 14.75567   0.08466
 14.86267   0.07699
 14.96620   0.07010
 15.06698   0.06388
 15.16551   0.05823
 15.26221   0.05310
 15.35739   0.04841
 15.45131   0.04412
 15.54419   0.04020
 15.63621   0.03661
 15.72752   0.03332
 15.81828   0.03030
 15.90860   0.02753
 15.99860   0.02499
 16.08838   0.02266
 16.17804   0.02052
 16.26766   0.01856
 16.35734   0.01676
 16.44714   0.01511
 16.53715   0.01360
 16.62745   0.01221
 16.71810   0.01094
 16.80918   0.00978
 16.90076   0.00871
 16.99291   0.00773
 17.08570   0.00684
 17.17921   0.00602
 17.27351   0.00527
 17.36868   0.00458
 17.46480   0.00394
 17.56195   0.00336
 17.66022   0.00281
 17.75968   0.00230
 17.86043   0.00182
 17.96253   0.00137
 18.06600   0.00093
 18.17083   0.00051
 18.27683   0.00009
 18.38362  -0.00033
 18.40448  -0.00042
