 0.00032   0.00000
 0.00047   0.00000
 0.00069   0.00000
 0.00096   0.00000
 0.00130   0.00000
 0.00169   0.00000
 0.00215   0.00000
 0.00269   0.00000
 0.00330   0.00000
 0.00399   0.00000
 0.00476   0.00000
 0.00562   0.00000
 0.00657   0.00000
 0.00760   0.00000
 0.00874   0.00000
 0.00997   0.00000
 0.01130   0.00000
 0.01274   0.00000
 0.01429   0.00000
 0.01594   0.00000
 0.01770   0.00000
 0.01958   0.00000
 0.02158   0.00000
 0.02369   0.00000
 0.02593   0.00000
 0.02830   0.00000
 0.03079   0.00000
 0.03344   0.00000
 0.03619   0.00000
 0.03908   0.00000
 0.04210   0.00000
 0.04524   0.00001
 0.04855   0.00001
 0.05199   0.00001
 0.05559   0.00001
 0.05933   0.00001
 0.06323   0.00002
 0.06725   0.00002
 0.07145   0.00002
 0.07595   0.00003
 0.08047   0.00003
 0.08484   0.00004
 0.08969   0.00005
 0.09470   0.00005
 0.09987   0.00006
 0.10523   0.00007
 0.11076   0.00008
 0.11613   0.00010
 0.12202   0.00011
 0.12851   0.00013
 0.13479   0.00015
 0.14111   0.00017
 0.14797   0.00020
 0.15484   0.00023
 0.16167   0.00026
 0.16881   0.00030
 0.17594   0.00034
 0.18344   0.00038
 0.19184   0.00044
 0.20037   0.00050
 0.20813   0.00056
 0.21673   0.00063
 0.22525   0.00070
 0.23416   0.00079
 0.24424   0.00089
 0.25474   0.00101
 0.26536   0.00114
 0.27600   0.00128
 0.28659   0.00144
 0.29708   0.00160
 0.30747   0.00177
 0.31791   0.00195
 0.32867   0.00215
 0.33985   0.00237
 0.35004   0.00259
 0.36023   0.00282
 0.36974   0.00304
 0.37924   0.00327
 0.39223   0.00361
 0.40641   0.00401
 0.41663   0.00431
 0.42684   0.00463
 0.43566   0.00491
 0.44447   0.00521
 0.45858   0.00570
 0.47269   0.00623
 0.48973   0.00690
 0.50644   0.00761
 0.51915   0.00817
 0.53185   0.00876
 0.54458   0.00938
 0.55926   0.01013
 0.57616   0.01103
 0.59579   0.01214
 0.61908   0.01355
 0.63809   0.01477
 0.65711   0.01606
 0.67932   0.01765
 0.69955   0.01917
 0.71979   0.02078
 0.74695   0.02306
 0.76520   0.02467
 0.78344   0.02635
 0.80476   0.02839
 0.82569   0.03049
 0.84710   0.03272
 0.87001   0.03522
 0.89884   0.03851
 0.91728   0.04071
 0.93573   0.04298
 0.95555   0.04549
 0.97634   0.04822
 0.99844   0.05121
 1.01892   0.05408
 1.03940   0.05703
 1.05860   0.05988
 1.07780   0.06280
 1.09907   0.06612
 1.11892   0.06931
 1.13877   0.07257
 1.15850   0.07590
 1.17823   0.07930
 1.20089   0.08330
 1.21858   0.08649
 1.23627   0.08974
 1.25629   0.09349
 1.27806   0.09766
 1.29820   0.10159
 1.31835   0.10559
 1.33874   0.10972
 1.35914   0.11393
 1.38451   0.11926
 1.40729   0.12413
 1.43006   0.12910
 1.45963   0.13566
 1.48927   0.14238
 1.51849   0.14913
 1.54676   0.15578
 1.56958   0.16122
 1.59240   0.16674
 1.61318   0.17182
 1.63727   0.17777
 1.66500   0.18471
 1.69568   0.19248
 1.72646   0.20037
 1.75449   0.20764
 1.79296   0.21772
 1.82416   0.22598
 1.85048   0.23300
 1.87679   0.24006
 1.90485   0.24763
 1.94226   0.25778
 1.98172   0.26854
 2.01998   0.27901
 2.05526   0.28869
 2.08947   0.29808
 2.11933   0.30627
 2.14919   0.31445
 2.18284   0.32364
 2.21486   0.33236
 2.25305   0.34270
 2.29015   0.35268
 2.32775   0.36271
 2.36283   0.37199
 2.39752   0.38107
 2.43172   0.38991
 2.47350   0.40057
 2.51021   0.40978
 2.54692   0.41885
 2.58530   0.42815
 2.62519   0.43761
 2.66454   0.44673
 2.70078   0.45494
 2.74688   0.46508
 2.79834   0.47600
 2.84358   0.48523
 2.88881   0.49410
 2.93068   0.50198
 2.97595   0.51012
 3.02187   0.51798
 3.08565   0.52819
 3.15164   0.53787
 3.21330   0.54609
 3.27480   0.55347
 3.35342   0.56171
 3.42911   0.56836
 3.50711   0.57389
 3.58321   0.57799
 3.63252   0.57997
 3.68183   0.58142
 3.73269   0.58238
 3.79536   0.58280
 3.84136   0.58259
 3.88737   0.58194
 3.94803   0.58045
 4.01592   0.57793
 4.09308   0.57401
 4.16743   0.56922
 4.24819   0.56296
 4.32894   0.55564
 4.41706   0.54654
 4.49716   0.53734
 4.58305   0.52656
 4.67085   0.51466
 4.76372   0.50121
 4.85427   0.48735
 4.94534   0.47278
 5.03651   0.45764
 5.12775   0.44206
 5.21915   0.42610
 5.31352   0.40937
 5.41014   0.39206
 5.50702   0.37463
 5.60443   0.35711
 5.70379   0.33935
 5.80445   0.32155
 5.90603   0.30387
 6.00845   0.28639
 6.11173   0.26919
 6.21769   0.25206
 6.32445   0.23536
 6.43383   0.21890
 6.54575   0.20276
 6.66079   0.18695
 6.77958   0.17147
 6.90161   0.15649
 7.02323   0.14248
 7.13959   0.12994
 7.24981   0.11882
 7.35442   0.10894
 7.45438   0.10009
 7.55072   0.09211
 7.64402   0.08485
 7.73488   0.07824
 7.82364   0.07218
 7.91055   0.06662
 7.99584   0.06151
 8.07982   0.05680
 8.16251   0.05246
 8.24416   0.04845
 8.32489   0.04474
 8.40478   0.04131
 8.48395   0.03814
 8.56248   0.03520
 8.64044   0.03247
 8.71792   0.02995
 8.79499   0.02761
 8.87175   0.02544
 8.94821   0.02343
 9.02445   0.02157
 9.10055   0.01984
 9.17652   0.01824
 9.25245   0.01675
 9.32836   0.01537
 9.40431   0.01410
 9.48036   0.01292
 9.55654   0.01183
 9.63289   0.01082
 9.70947   0.00988
 9.78632   0.00902
 9.86348   0.00822
 9.94099   0.00749
 10.01890   0.00681
 10.09725   0.00619
 10.17608   0.00561
 10.25544   0.00509
 10.33538   0.00460
 10.41594   0.00416
 10.49716   0.00375
 10.57910   0.00338
 10.66180   0.00304
 10.74531   0.00273
 10.82969   0.00244
 10.91498   0.00219
 11.00124   0.00195
 11.08853   0.00174
 11.17690   0.00155
 11.26642   0.00138
 11.35713   0.00123
 11.44911   0.00109
 11.54242   0.00097
 11.63710   0.00087
 11.73323   0.00078
 11.83085   0.00069
 11.93000   0.00063
 12.03070   0.00057
 12.13293   0.00053
 12.23662   0.00049
 12.34163   0.00047
 12.44769   0.00045
 12.55441   0.00045
 12.57051   0.00045
