 0.00010   0.00007
 0.00022   0.00015
 0.00029   0.00020
 0.00036   0.00024
 0.00045   0.00030
 0.00056   0.00038
 0.00072   0.00049
 0.00087   0.00059
 0.00099   0.00067
 0.00110   0.00075
 0.00125   0.00085
 0.00189   0.00129
 0.00218   0.00148
 0.00245   0.00167
 0.00281   0.00191
 0.00318   0.00216
 0.00351   0.00239
 0.00394   0.00268
 0.00438   0.00298
 0.00483   0.00329
 0.00534   0.00363
 0.00584   0.00397
 0.00659   0.00448
 0.00697   0.00474
 0.00734   0.00499
 0.00790   0.00537
 0.00897   0.00610
 0.00965   0.00656
 0.01033   0.00702
 0.01094   0.00743
 0.01709   0.01159
 0.02000   0.01356
 0.02271   0.01538
 0.02701   0.01828
 0.02880   0.01948
 0.02988   0.02020
 0.03095   0.02092
 0.03206   0.02166
 0.03556   0.02401
 0.03905   0.02634
 0.03982   0.02686
 0.04059   0.02737
 0.04148   0.02796
 0.04506   0.03035
 0.04865   0.03273
 0.05004   0.03364
 0.05129   0.03448
 0.05580   0.03745
 0.05807   0.03895
 0.05975   0.04006
 0.06144   0.04117
 0.06326   0.04236
 0.06879   0.04598
 0.07162   0.04783
 0.07445   0.04967
 0.07828   0.05215
 0.08210   0.05463
 0.08590   0.05707
 0.08900   0.05906
 0.09177   0.06084
 0.09455   0.06262
 0.09912   0.06553
 0.10205   0.06739
 0.10472   0.06908
 0.10794   0.07111
 0.11001   0.07241
 0.11209   0.07372
 0.11962   0.07842
 0.12715   0.08309
 0.13434   0.08750
 0.13869   0.09015
 0.14253   0.09249
 0.14638   0.09481
 0.14947   0.09667
 0.15256   0.09852
 0.15613   0.10065
 0.15982   0.10284
 0.16350   0.10502
 0.16872   0.10808
 0.17410   0.11122
 0.17901   0.11405
 0.18605   0.11809
 0.18984   0.12025
 0.19362   0.12239
 0.19942   0.12564
 0.20705   0.12988
 0.21467   0.13406
 0.21888   0.13634
 0.22309   0.13861
 0.22764   0.14104
 0.23429   0.14456
 0.23939   0.14723
 0.24448   0.14987
 0.24875   0.15207
 0.25302   0.15424
 0.25773   0.15662
 0.26443   0.15996
 0.27113   0.16326
 0.27772   0.16646
 0.28432   0.16962
 0.28933   0.17198
 0.29434   0.17432
 0.29897   0.17646
 0.30361   0.17857
 0.30920   0.18109
 0.31859   0.18525
 0.32799   0.18930
 0.33743   0.19327
 0.34634   0.19693
 0.35454   0.20021
 0.36529   0.20438
 0.37522   0.20812
 0.38579   0.21196
 0.39811   0.21627
 0.40941   0.22006
 0.41584   0.22214
 0.41950   0.22330
 0.42317   0.22445
 0.42770   0.22584
 0.43322   0.22750
 0.43873   0.22913
 0.44715   0.23153
 0.45558   0.23384
 0.46506   0.23633
 0.47671   0.23923
 0.48854   0.24198
 0.49975   0.24443
 0.50963   0.24645
 0.51951   0.24833
 0.52786   0.24982
 0.53621   0.25122
 0.54576   0.25270
 0.55965   0.25464
 0.56983   0.25590
 0.58001   0.25701
 0.58943   0.25791
 0.59884   0.25870
 0.60980   0.25946
 0.61889   0.25997
 0.62799   0.26037
 0.64027   0.26073
 0.65164   0.26088
 0.66196   0.26086
 0.67165   0.26072
 0.68537   0.26030
 0.69799   0.25970
 0.70850   0.25904
 0.71900   0.25823
 0.72892   0.25734
 0.73884   0.25632
 0.75195   0.25477
 0.76473   0.25305
 0.77775   0.25109
 0.80057   0.24714
 0.82072   0.24313
 0.84068   0.23867
 0.85908   0.23415
 0.87748   0.22924
 0.89690   0.22365
 0.91697   0.21745
 0.93790   0.21052
 0.96048   0.20256
 0.98829   0.19208
 1.01406   0.18173
 1.03956   0.17093
 1.06507   0.15961
 1.08843   0.14881
 1.11563   0.13575
 1.14128   0.12301
 1.17241   0.10705
 1.20528   0.08969
 1.24178   0.06988
 1.27842   0.04958
 1.31319   0.03002
 1.34983   0.00924
 1.38599  -0.01132
 1.42223  -0.03186
 1.45877  -0.05238
 1.49538  -0.07263
 1.53268  -0.09282
 1.57040  -0.11266
 1.60706  -0.13127
 1.64278  -0.14867
 1.68202  -0.16682
 1.72008  -0.18336
 1.75516  -0.19761
 1.79461  -0.21237
 1.83582  -0.22629
 1.87370  -0.23763
 1.91508  -0.24838
 1.95365  -0.25678
 1.99285  -0.26366
 2.02474  -0.26802
 2.05664  -0.27123
 2.08713  -0.27323
 2.11742  -0.27417
 2.14761  -0.27408
 2.17774  -0.27295
 2.20833  -0.27076
 2.23961  -0.26745
 2.27180  -0.26293
 2.30782  -0.25655
 2.34077  -0.24953
 2.37549  -0.24094
 2.41127  -0.23086
 2.44713  -0.21957
 2.48206  -0.20748
 2.51953  -0.19339
 2.55584  -0.17870
 2.59347  -0.16249
 2.63217  -0.14488
 2.67054  -0.12656
 2.70879  -0.10758
 2.74716  -0.08791
 2.78586  -0.06757
 2.82483  -0.04668
 2.86385  -0.02550
 2.90281  -0.00420
 2.94166   0.01708
 2.98056   0.03827
 3.01981   0.05943
 3.05938   0.08041
 3.09923   0.10106
 3.13929   0.12121
 3.17948   0.14068
 3.21972   0.15933
 3.25990   0.17699
 3.29993   0.19352
 3.33971   0.20882
 3.37916   0.22278
 3.41823   0.23535
 3.45685   0.24649
 3.49534   0.25625
 3.53391   0.26464
 3.57230   0.27158
 3.60986   0.27697
 3.64647   0.28087
 3.68285   0.28341
 3.71943   0.28462
 3.75489   0.28449
 3.79079   0.28307
 3.82661   0.28036
 3.86270   0.27635
 3.89976   0.27092
 3.93669   0.26421
 3.97416   0.25613
 4.01271   0.24650
 4.05142   0.23556
 4.09040   0.22331
 4.12973   0.20978
 4.16945   0.19498
 4.20961   0.17895
 4.25019   0.16177
 4.29114   0.14351
 4.33245   0.12427
 4.37405   0.10418
 4.41585   0.08339
 4.45772   0.06207
 4.49961   0.04039
 4.54149   0.01847
 4.58332  -0.00352
 4.62507  -0.02545
 4.66705  -0.04736
 4.70945  -0.06920
 4.75223  -0.09085
 4.79539  -0.11213
 4.83887  -0.13291
 4.88255  -0.15298
 4.92642  -0.17220
 4.97035  -0.19040
 5.01414  -0.20740
 5.05789  -0.22314
 5.10124  -0.23743
 5.14428  -0.25025
 5.18707  -0.26159
 5.22932  -0.27134
 5.27104  -0.27952
 5.31239  -0.28618
 5.35338  -0.29131
 5.39400  -0.29495
 5.43426  -0.29712
 5.47414  -0.29785
 5.51364  -0.29719
 5.55315  -0.29516
 5.59307  -0.29173
 5.63343  -0.28688
 5.67428  -0.28059
 5.71565  -0.27283
 5.75745  -0.26362
 5.79966  -0.25298
 5.84235  -0.24092
 5.88559  -0.22742
 5.92934  -0.21254
 5.97345  -0.19638
 6.01805  -0.17895
 6.06298  -0.16039
 6.10827  -0.14077
 6.15379  -0.12026
 6.19953  -0.09895
 6.24539  -0.07703
 6.29133  -0.05463
 6.33728  -0.03191
 6.38320  -0.00903
 6.42906   0.01388
 6.47490   0.03670
 6.52125   0.05956
 6.56812   0.08234
 6.61550   0.10489
 6.66336   0.12705
 6.71166   0.14866
 6.76032   0.16953
 6.80924   0.18949
 6.85832   0.20836
 6.90742   0.22599
 6.95644   0.24223
 7.00526   0.25698
 7.05380   0.27015
 7.10195   0.28169
 7.14967   0.29156
 7.19692   0.29977
 7.24379   0.30632
 7.29024   0.31124
 7.33621   0.31455
 7.38184   0.31630
 7.42706   0.31651
 7.47192   0.31525
 7.51716   0.31250
 7.56294   0.30823
 7.60927   0.30241
 7.65610   0.29505
 7.70355   0.28611
 7.75156   0.27561
 7.80011   0.26357
 7.84920   0.25001
 7.89884   0.23498
 7.94898   0.21852
 7.99960   0.20071
 8.05063   0.18165
 8.10204   0.16145
 8.15376   0.14022
 8.20573   0.11811
 8.25788   0.09527
 8.31016   0.07183
 8.36252   0.04797
 8.41491   0.02383
 8.46731  -0.00045
 8.51971  -0.02473
 8.57247  -0.04904
 8.62597  -0.07341
 8.68023  -0.09773
 8.73527  -0.12183
 8.79108  -0.14557
 8.84763  -0.16876
 8.90488  -0.19123
 8.96271  -0.21277
 9.02100  -0.23318
 9.07960  -0.25227
 9.13833  -0.26988
 9.19703  -0.28586
 9.25557  -0.30011
 9.31384  -0.31255
 9.37175  -0.32314
 9.42927  -0.33188
 9.48640  -0.33877
 9.54314  -0.34384
 9.59949  -0.34711
 9.65548  -0.34862
 9.71116  -0.34842
 9.76664  -0.34656
 9.82283  -0.34301
 9.87971  -0.33775
 9.93730  -0.33075
 9.99563  -0.32202
 10.05467  -0.31155
 10.11443  -0.29937
 10.17490  -0.28550
 10.23604  -0.27000
 10.29782  -0.25292
 10.36022  -0.23435
 10.42319  -0.21437
 10.48668  -0.19309
 10.55066  -0.17063
 10.61508  -0.14713
 10.67991  -0.12270
 10.74512  -0.09749
 10.81070  -0.07163
 10.87663  -0.04527
 10.94293  -0.01852
 11.00961   0.00846
 11.07669   0.03558
 11.14507   0.06303
 11.21505   0.09080
 11.28678   0.11877
 11.36042   0.14684
 11.43614   0.17487
 11.51411   0.20272
 11.59449   0.23019
 11.67738   0.25709
 11.76274   0.28313
 11.85035   0.30801
 11.93971   0.33134
 12.03015   0.35278
 12.12098   0.37205
 12.21171   0.38901
 12.30209   0.40363
 12.39210   0.41594
 12.48178   0.42600
 12.57126   0.43390
 12.66068   0.43972
 12.75019   0.44356
 12.83992   0.44548
 12.93002   0.44558
 13.02061   0.44395
 13.11253   0.44062
 13.20591   0.43566
 13.30083   0.42911
 13.39738   0.42105
 13.49571   0.41155
 13.59593   0.40068
 13.69819   0.38853
 13.80266   0.37520
 13.90944   0.36078
 14.01870   0.34539
 14.13049   0.32916
 14.24482   0.31223
 14.36158   0.29478
 14.48062   0.27699
 14.60177   0.25904
 14.72489   0.24112
 14.84996   0.22336
 14.97716   0.20589
 15.10690   0.18878
 15.23986   0.17207
 15.37708   0.15575
 15.51996   0.13982
 15.66982   0.12429
 15.82502   0.10950
 15.97702   0.09625
 16.12018   0.08488
 16.25558   0.07507
 16.38538   0.06648
 16.51110   0.05888
 16.63376   0.05211
 16.75409   0.04604
 16.87264   0.04059
 16.98983   0.03567
 17.10600   0.03122
 17.22145   0.02718
 17.33641   0.02350
 17.45109   0.02014
 17.56567   0.01705
 17.68031   0.01420
 17.79516   0.01156
 17.91031   0.00908
 18.02583   0.00674
 18.14173   0.00450
 18.25793   0.00233
 18.37422   0.00020
 18.40448  -0.00035
