 0.00010   0.00008
 0.00018   0.00014
 0.00025   0.00019
 0.00031   0.00024
 0.00037   0.00028
 0.00048   0.00036
 0.00058   0.00044
 0.00070   0.00053
 0.00083   0.00063
 0.00097   0.00073
 0.00115   0.00086
 0.00134   0.00100
 0.00195   0.00146
 0.00216   0.00163
 0.00236   0.00177
 0.00280   0.00210
 0.00324   0.00243
 0.00368   0.00276
 0.00394   0.00296
 0.00420   0.00315
 0.00450   0.00338
 0.00498   0.00374
 0.00547   0.00411
 0.00596   0.00447
 0.00645   0.00484
 0.00694   0.00521
 0.00743   0.00558
 0.00790   0.00593
 0.00837   0.00628
 0.00895   0.00671
 0.00981   0.00736
 0.01042   0.00782
 0.01099   0.00824
 0.01662   0.01245
 0.01990   0.01490
 0.02084   0.01560
 0.02169   0.01623
 0.02466   0.01844
 0.02762   0.02064
 0.02916   0.02178
 0.02992   0.02235
 0.03069   0.02292
 0.03161   0.02360
 0.03440   0.02567
 0.03720   0.02774
 0.03875   0.02889
 0.03979   0.02965
 0.04082   0.03042
 0.04191   0.03121
 0.04562   0.03395
 0.04934   0.03668
 0.05109   0.03797
 0.05285   0.03926
 0.05964   0.04422
 0.06231   0.04617
 0.06476   0.04795
 0.06915   0.05115
 0.07144   0.05281
 0.07373   0.05447
 0.07755   0.05723
 0.07954   0.05867
 0.08154   0.06011
 0.08360   0.06159
 0.08788   0.06467
 0.08984   0.06607
 0.09180   0.06748
 0.09442   0.06935
 0.09826   0.07209
 0.10210   0.07482
 0.10618   0.07772
 0.10888   0.07962
 0.11157   0.08153
 0.11699   0.08535
 0.12060   0.08788
 0.12421   0.09041
 0.12946   0.09408
 0.13471   0.09773
 0.13989   0.10132
 0.14646   0.10585
 0.14975   0.10811
 0.15304   0.11036
 0.15741   0.11335
 0.16349   0.11749
 0.16958   0.12160
 0.17683   0.12649
 0.18409   0.13134
 0.18961   0.13501
 0.19514   0.13867
 0.19982   0.14175
 0.20450   0.14482
 0.20920   0.14789
 0.21390   0.15095
 0.21912   0.15433
 0.22765   0.15981
 0.23459   0.16425
 0.23940   0.16730
 0.24421   0.17033
 0.25013   0.17405
 0.25583   0.17761
 0.26564   0.18369
 0.27544   0.18969
 0.28641   0.19634
 0.29602   0.20210
 0.30563   0.20780
 0.31545   0.21355
 0.32526   0.21924
 0.33572   0.22522
 0.34735   0.23178
 0.35739   0.23737
 0.36649   0.24238
 0.37502   0.24701
 0.38851   0.25424
 0.39627   0.25833
 0.40402   0.26238
 0.40943   0.26517
 0.41483   0.26794
 0.41891   0.27002
 0.42298   0.27208
 0.42723   0.27422
 0.43342   0.27731
 0.43961   0.28037
 0.44935   0.28513
 0.45909   0.28982
 0.47216   0.29600
 0.47944   0.29938
 0.48672   0.30272
 0.49766   0.30766
 0.50839   0.31242
 0.51975   0.31736
 0.52956   0.32154
 0.53937   0.32565
 0.54808   0.32923
 0.55678   0.33275
 0.56712   0.33685
 0.57822   0.34115
 0.58997   0.34560
 0.59886   0.34889
 0.60775   0.35212
 0.61981   0.35639
 0.62909   0.35960
 0.63837   0.36274
 0.64836   0.36604
 0.65834   0.36925
 0.66824   0.37236
 0.67813   0.37538
 0.68879   0.37855
 0.69945   0.38162
 0.70990   0.38454
 0.72034   0.38737
 0.72972   0.38983
 0.73909   0.39222
 0.75259   0.39554
 0.76479   0.39840
 0.77712   0.40117
 0.79936   0.40584
 0.81952   0.40972
 0.83911   0.41317
 0.85814   0.41622
 0.87615   0.41883
 0.89019   0.42068
 0.90423   0.42237
 0.91744   0.42381
 0.94032   0.42597
 0.96012   0.42751
 0.97992   0.42872
 0.99650   0.42950
 1.01292   0.43006
 1.02780   0.43038
 1.04268   0.43053
 1.05954   0.43049
 1.07976   0.43015
 1.09998   0.42951
 1.11681   0.42873
 1.13364   0.42775
 1.14931   0.42664
 1.17028   0.42488
 1.18894   0.42304
 1.20761   0.42096
 1.22771   0.41843
 1.24913   0.41543
 1.26954   0.41228
 1.28995   0.40885
 1.30883   0.40543
 1.32772   0.40177
 1.35006   0.39715
 1.37895   0.39071
 1.40722   0.38390
 1.43372   0.37709
 1.45993   0.36995
 1.49209   0.36066
 1.51937   0.35234
 1.54665   0.34362
 1.57512   0.33411
 1.60907   0.32226
 1.64349   0.30969
 1.67555   0.29751
 1.71870   0.28043
 1.75844   0.26404
 1.79842   0.24698
 1.83978   0.22876
 1.88419   0.20861
 1.93450   0.18513
 1.99338   0.15686
 2.05453   0.12677
 2.11781   0.09501
 2.18195   0.06234
 2.24503   0.02990
 2.30922  -0.00325
 2.37373  -0.03656
 2.43938  -0.07027
 2.50654  -0.10441
 2.57519  -0.13878
 2.64605  -0.17353
 2.71896  -0.20834
 2.79405  -0.24303
 2.87073  -0.27707
 2.95080  -0.31095
 3.03365  -0.34407
 3.11763  -0.37550
 3.20345  -0.40524
 3.29101  -0.43302
 3.38229  -0.45914
 3.47225  -0.48200
 3.56203  -0.50193
 3.65141  -0.51893
 3.74063  -0.53308
 3.82979  -0.54448
 3.91878  -0.55319
 4.00529  -0.55920
 4.09099  -0.56285
 4.17993  -0.56432
 4.26956  -0.56356
 4.35898  -0.56069
 4.44886  -0.55583
 4.53992  -0.54904
 4.63389  -0.54025
 4.72886  -0.52969
 4.82423  -0.51758
 4.92280  -0.50368
 5.02373  -0.48820
 5.12665  -0.47132
 5.23136  -0.45324
 5.33882  -0.43394
 5.44809  -0.41377
 5.55996  -0.39276
 5.67397  -0.37117
 5.79058  -0.34913
 5.90900  -0.32695
 6.02923  -0.30484
 6.15137  -0.28293
 6.27576  -0.26133
 6.40253  -0.24018
 6.53253  -0.21949
 6.66654  -0.19930
 6.80571  -0.17961
 6.95141  -0.16042
 7.10232  -0.14211
 7.25111  -0.12558
 7.39189  -0.11130
 7.52506  -0.09898
 7.65258  -0.08820
 7.77600  -0.07868
 7.89635  -0.07022
 8.01432  -0.06267
 8.13047  -0.05590
 8.24521  -0.04983
 8.35889  -0.04437
 8.47179  -0.03946
 8.58414  -0.03505
 8.69617  -0.03108
 8.80806  -0.02752
 8.91997  -0.02431
 9.03208  -0.02143
 9.14451  -0.01885
 9.25742  -0.01654
 9.37093  -0.01447
 9.48519  -0.01262
 9.60031  -0.01097
 9.71643  -0.00950
 9.83369  -0.00819
 9.95221  -0.00703
 10.07213  -0.00600
 10.19360  -0.00509
 10.31678  -0.00427
 10.44182  -0.00355
 10.56890  -0.00291
 10.69822  -0.00234
 10.82998  -0.00182
 10.96441  -0.00135
 11.10175  -0.00092
 11.24218  -0.00050
 11.38579  -0.00010
 11.42773   0.00002
