 0.00018   0.00000
 0.00023   0.00000
 0.00028   0.00000
 0.00034   0.00000
 0.00041   0.00000
 0.00049   0.00000
 0.00059   0.00000
 0.00069   0.00000
 0.00082   0.00000
 0.00096   0.00000
 0.00112   0.00000
 0.00131   0.00000
 0.00151   0.00000
 0.00174   0.00000
 0.00201   0.00000
 0.00230   0.00000
 0.00262   0.00000
 0.00299   0.00000
 0.00339   0.00000
 0.00383   0.00001
 0.00433   0.00001
 0.00487   0.00001
 0.00546   0.00001
 0.00612   0.00002
 0.00684   0.00002
 0.00762   0.00002
 0.00848   0.00003
 0.00941   0.00004
 0.01044   0.00004
 0.01159   0.00006
 0.01279   0.00007
 0.01410   0.00008
 0.01551   0.00010
 0.01704   0.00012
 0.01868   0.00014
 0.02046   0.00017
 0.02228   0.00020
 0.02434   0.00024
 0.02654   0.00029
 0.02890   0.00034
 0.03144   0.00041
 0.03424   0.00048
 0.03715   0.00057
 0.03953   0.00064
 0.04190   0.00072
 0.04470   0.00082
 0.04835   0.00096
 0.05224   0.00112
 0.05646   0.00130
 0.05966   0.00146
 0.06287   0.00162
 0.06694   0.00183
 0.07209   0.00212
 0.07729   0.00244
 0.08311   0.00281
 0.08819   0.00317
 0.09328   0.00354
 0.09878   0.00396
 0.10602   0.00456
 0.11265   0.00514
 0.11882   0.00571
 0.12741   0.00656
 0.13531   0.00739
 0.14097   0.00801
 0.14662   0.00865
 0.15541   0.00970
 0.16420   0.01081
 0.16971   0.01153
 0.17522   0.01227
 0.18387   0.01348
 0.18925   0.01427
 0.19464   0.01507
 0.20115   0.01607
 0.20766   0.01710
 0.21818   0.01882
 0.22839   0.02056
 0.23902   0.02245
 0.24841   0.02418
 0.25781   0.02598
 0.26843   0.02807
 0.27953   0.03033
 0.28873   0.03227
 0.29793   0.03425
 0.30928   0.03677
 0.31837   0.03884
 0.32745   0.04096
 0.33841   0.04358
 0.35017   0.04647
 0.36035   0.04903
 0.37025   0.05156
 0.37920   0.05390
 0.38816   0.05628
 0.39762   0.05884
 0.40707   0.06144
 0.41816   0.06454
 0.42642   0.06689
 0.43439   0.06918
 0.44299   0.07168
 0.45223   0.07441
 0.46122   0.07709
 0.47007   0.07977
 0.47980   0.08274
 0.48953   0.08575
 0.50998   0.09218
 0.52922   0.09836
 0.54738   0.10429
 0.55824   0.10788
 0.56910   0.11150
 0.58206   0.11585
 0.59502   0.12024
 0.60823   0.12475
 0.62652   0.13105
 0.64310   0.13680
 0.65969   0.14260
 0.67722   0.14874
 0.69239   0.15408
 0.70756   0.15944
 0.72555   0.16579
 0.73878   0.17046
 0.75202   0.17514
 0.76623   0.18015
 0.77972   0.18489
 0.79320   0.18962
 0.80634   0.19421
 0.82293   0.19997
 0.84790   0.20857
 0.87048   0.21626
 0.89107   0.22317
 0.90968   0.22933
 0.92729   0.23507
 0.94490   0.24072
 0.95948   0.24533
 0.97405   0.24987
 0.98909   0.25446
 1.01415   0.26194
 1.05656   0.27402
 1.07596   0.27927
 1.09452   0.28413
 1.10818   0.28760
 1.12184   0.29097
 1.13501   0.29413
 1.14999   0.29761
 1.16909   0.30187
 1.19055   0.30640
 1.20858   0.31000
 1.22662   0.31340
 1.24552   0.31674
 1.26442   0.31986
 1.28287   0.32268
 1.30123   0.32526
 1.31781   0.32739
 1.33809   0.32973
 1.36003   0.33195
 1.38137   0.33377
 1.40090   0.33515
 1.42055   0.33625
 1.44359   0.33717
 1.46841   0.33772
 1.49358   0.33780
 1.51656   0.33745
 1.53984   0.33668
 1.56663   0.33527
 1.59077   0.33352
 1.62060   0.33074
 1.66274   0.32563
 1.70538   0.31908
 1.73985   0.31277
 1.77201   0.30609
 1.80715   0.29791
 1.83887   0.28978
 1.87186   0.28057
 1.91495   0.26743
 1.95444   0.25434
 1.99393   0.24028
 2.03390   0.22511
 2.07387   0.20907
 2.12155   0.18888
 2.16553   0.16932
 2.21257   0.14752
 2.25779   0.12581
 2.30204   0.10395
 2.34652   0.08148
 2.39076   0.05875
 2.43441   0.03604
 2.47786   0.01327
 2.52083  -0.00931
 2.56342  -0.03165
 2.60643  -0.05406
 2.64998  -0.07652
 2.69398  -0.09884
 2.73867  -0.12106
 2.78352  -0.14277
 2.82935  -0.16425
 2.87472  -0.18471
 2.92188  -0.20502
 2.96839  -0.22400
 3.01448  -0.24169
 3.06273  -0.25892
 3.10963  -0.27434
 3.15438  -0.28774
 3.20267  -0.30071
 3.24852  -0.31155
 3.29241  -0.32051
 3.33744  -0.32826
 3.38121  -0.33434
 3.42417  -0.33891
 3.46934  -0.34220
 3.51030  -0.34385
 3.55091  -0.34421
 3.59148  -0.34332
 3.63284  -0.34114
 3.67594  -0.33750
 3.71971  -0.33242
 3.76213  -0.32617
 3.80647  -0.31830
 3.85168  -0.30889
 3.89698  -0.29811
 3.94311  -0.28580
 3.99007  -0.27196
 4.03651  -0.25704
 4.08441  -0.24045
 4.13288  -0.22249
 4.18132  -0.20348
 4.22975  -0.18350
 4.27822  -0.16264
 4.32698  -0.14087
 4.37585  -0.11838
 4.42467  -0.09536
 4.47332  -0.07197
 4.52172  -0.04837
 4.56988  -0.02468
 4.61776  -0.00100
 4.66538   0.02254
 4.71319   0.04608
 4.76178   0.06981
 4.81117   0.09360
 4.86138   0.11736
 4.91241   0.14095
 4.96427   0.16425
 5.01698   0.18710
 5.07046   0.20933
 5.12443   0.23070
 5.17913   0.25115
 5.23407   0.27037
 5.28932   0.28829
 5.34441   0.30465
 5.39955   0.31947
 5.45410   0.33254
 5.50848   0.34393
 5.56227   0.35357
 5.61540   0.36145
 5.66847   0.36770
 5.72061   0.37223
 5.77188   0.37514
 5.82280   0.37651
 5.87335   0.37639
 5.92360   0.37481
 5.97473   0.37174
 6.02683   0.36713
 6.07971   0.36094
 6.13301   0.35321
 6.18730   0.34385
 6.24254   0.33285
 6.29835   0.32029
 6.35498   0.30613
 6.41236   0.29040
 6.47021   0.27324
 6.52863   0.25468
 6.58760   0.23477
 6.64702   0.21365
 6.70678   0.19144
 6.76680   0.16826
 6.82700   0.14426
 6.88734   0.11956
 6.94775   0.09431
 7.00821   0.06863
 7.06870   0.04265
 7.12919   0.01649
 7.18968  -0.00973
 7.25016  -0.03592
 7.31193  -0.06251
 7.37526  -0.08952
 7.44027  -0.11684
 7.50707  -0.14440
 7.57581  -0.17208
 7.64662  -0.19977
 7.71967  -0.22733
 7.79505  -0.25459
 7.87281  -0.28133
 7.95289  -0.30731
 8.03500  -0.33219
 8.11858  -0.35562
 8.20302  -0.37728
 8.28758  -0.39688
 8.37185  -0.41431
 8.45565  -0.42955
 8.53888  -0.44262
 8.62171  -0.45362
 8.70412  -0.46260
 8.78622  -0.46964
 8.86813  -0.47483
 8.95004  -0.47825
 9.03197  -0.47998
 9.11399  -0.48009
 9.19618  -0.47866
 9.27973  -0.47573
 9.36483  -0.47131
 9.45139  -0.46544
 9.53953  -0.45817
 9.62927  -0.44954
 9.72065  -0.43961
 9.81376  -0.42847
 9.90867  -0.41617
 10.00545  -0.40281
 10.10421  -0.38847
 10.20501  -0.37326
 10.30787  -0.35728
 10.41282  -0.34066
 10.51979  -0.32355
 10.62870  -0.30607
 10.73945  -0.28840
 10.85196  -0.27066
 10.96619  -0.25300
 11.08219  -0.23553
 11.20013  -0.21833
 11.32039  -0.20145
 11.44353  -0.18494
 11.57035  -0.16880
 11.70193  -0.15301
 11.83914  -0.13762
 11.98074  -0.12288
 12.12059  -0.10948
 12.25340  -0.09777
 12.37921  -0.08757
 12.49961  -0.07860
 12.61595  -0.07063
 12.72918  -0.06350
 12.83998  -0.05709
 12.94887  -0.05131
 13.05623  -0.04608
 13.16240  -0.04134
 13.26763  -0.03704
 13.37215  -0.03314
 13.47615  -0.02959
 13.57981  -0.02636
 13.68327  -0.02342
 13.78669  -0.02074
 13.89018  -0.01830
 13.99387  -0.01607
 14.09788  -0.01403
 14.20231  -0.01216
 14.30728  -0.01044
 14.41289  -0.00886
 14.51924  -0.00740
 14.62642  -0.00603
 14.73450  -0.00475
 14.84355  -0.00354
 14.95357  -0.00237
 15.06449  -0.00124
 15.17609  -0.00012
 15.21031   0.00022
