 0.00010   0.00007
 0.00020   0.00014
 0.00030   0.00021
 0.00040   0.00029
 0.00050   0.00036
 0.00060   0.00043
 0.00069   0.00050
 0.00088   0.00064
 0.00099   0.00071
 0.00109   0.00079
 0.00123   0.00089
 0.00179   0.00129
 0.00200   0.00144
 0.00221   0.00160
 0.00267   0.00193
 0.00296   0.00214
 0.00324   0.00234
 0.00355   0.00256
 0.00397   0.00286
 0.00438   0.00316
 0.00488   0.00352
 0.00559   0.00403
 0.00601   0.00433
 0.00642   0.00463
 0.00793   0.00572
 0.00881   0.00635
 0.00969   0.00698
 0.01047   0.00754
 0.01124   0.00810
 0.01903   0.01369
 0.01991   0.01433
 0.02080   0.01496
 0.02163   0.01556
 0.02807   0.02016
 0.02940   0.02111
 0.03074   0.02206
 0.03213   0.02305
 0.03670   0.02630
 0.03875   0.02776
 0.03964   0.02838
 0.04052   0.02901
 0.04202   0.03007
 0.04748   0.03393
 0.04945   0.03532
 0.05109   0.03648
 0.05264   0.03757
 0.05942   0.04233
 0.06113   0.04353
 0.06285   0.04473
 0.06824   0.04850
 0.07035   0.04996
 0.07245   0.05143
 0.07979   0.05651
 0.08713   0.06158
 0.09393   0.06625
 0.09823   0.06918
 0.10253   0.07211
 0.10819   0.07596
 0.11285   0.07910
 0.11750   0.08224
 0.12321   0.08607
 0.12892   0.08988
 0.13268   0.09238
 0.13613   0.09467
 0.13944   0.09685
 0.14275   0.09903
 0.14640   0.10143
 0.14982   0.10367
 0.15325   0.10591
 0.15809   0.10906
 0.16316   0.11234
 0.16823   0.11561
 0.17371   0.11912
 0.17865   0.12227
 0.18456   0.12601
 0.18990   0.12938
 0.19571   0.13302
 0.20002   0.13571
 0.20433   0.13838
 0.20987   0.14181
 0.21542   0.14521
 0.21959   0.14775
 0.22376   0.15029
 0.22928   0.15362
 0.23552   0.15736
 0.23938   0.15966
 0.24325   0.16196
 0.24819   0.16487
 0.25634   0.16965
 0.26370   0.17391
 0.26902   0.17698
 0.27435   0.18001
 0.27913   0.18273
 0.28392   0.18542
 0.28971   0.18867
 0.29991   0.19431
 0.31011   0.19987
 0.31982   0.20509
 0.32795   0.20940
 0.33609   0.21366
 0.34401   0.21776
 0.34906   0.22034
 0.35411   0.22290
 0.35932   0.22552
 0.36453   0.22812
 0.36958   0.23063
 0.37464   0.23311
 0.38039   0.23590
 0.38559   0.23840
 0.39801   0.24428
 0.40984   0.24975
 0.41558   0.25236
 0.41971   0.25423
 0.42384   0.25607
 0.42944   0.25855
 0.43749   0.26207
 0.44482   0.26522
 0.45363   0.26894
 0.46108   0.27204
 0.46837   0.27501
 0.47922   0.27935
 0.49007   0.28359
 0.50216   0.28818
 0.51155   0.29165
 0.51889   0.29430
 0.52623   0.29690
 0.53607   0.30032
 0.54907   0.30468
 0.55778   0.30752
 0.56649   0.31028
 0.57658   0.31338
 0.58846   0.31692
 0.59877   0.31987
 0.60908   0.32272
 0.62239   0.32625
 0.63553   0.32956
 0.64792   0.33253
 0.66248   0.33583
 0.67628   0.33876
 0.68998   0.34148
 0.70179   0.34368
 0.71360   0.34574
 0.72446   0.34751
 0.73590   0.34926
 0.74865   0.35105
 0.75843   0.35231
 0.76820   0.35348
 0.77830   0.35459
 0.78840   0.35559
 0.79992   0.35662
 0.80996   0.35741
 0.82000   0.35810
 0.83631   0.35901
 0.84781   0.35950
 0.85931   0.35986
 0.87246   0.36012
 0.88560   0.36020
 0.89965   0.36012
 0.91542   0.35979
 0.93025   0.35928
 0.94501   0.35856
 0.95950   0.35765
 0.97769   0.35624
 0.99635   0.35448
 1.01267   0.35268
 1.02899   0.35065
 1.04608   0.34826
 1.06297   0.34566
 1.09521   0.34000
 1.11702   0.33568
 1.13864   0.33101
 1.15828   0.32644
 1.17792   0.32156
 1.20011   0.31570
 1.22880   0.30756
 1.25008   0.30113
 1.27137   0.29439
 1.29314   0.28716
 1.31624   0.27915
 1.34237   0.26967
 1.36671   0.26046
 1.39466   0.24944
 1.43182   0.23412
 1.46897   0.21807
 1.50418   0.20224
 1.53823   0.18639
 1.57423   0.16913
 1.61149   0.15076
 1.66229   0.12500
 1.71137   0.09945
 1.75999   0.07365
 1.80805   0.04778
 1.85837   0.02045
 1.90903  -0.00717
 1.95981  -0.03482
 2.01122  -0.06263
 2.06333  -0.09048
 2.11632  -0.11830
 2.16987  -0.14577
 2.22329  -0.17237
 2.27869  -0.19896
 2.33460  -0.22464
 2.39230  -0.24977
 2.44742  -0.27235
 2.50715  -0.29513
 2.56806  -0.31641
 2.62752  -0.33518
 2.68817  -0.35220
 2.74699  -0.36656
 2.80873  -0.37932
 2.86564  -0.38893
 2.92639  -0.39687
 2.98576  -0.40232
 3.04382  -0.40542
 3.09832  -0.40635
 3.15285  -0.40537
 3.20627  -0.40259
 3.26721  -0.39726
 3.32552  -0.39006
 3.38430  -0.38078
 3.44216  -0.36976
 3.49880  -0.35722
 3.55757  -0.34246
 3.61837  -0.32543
 3.67915  -0.30673
 3.74002  -0.28643
 3.80106  -0.26463
 3.86257  -0.24134
 3.92465  -0.21661
 3.98778  -0.19035
 4.05153  -0.16287
 4.11520  -0.13459
 4.17945  -0.10537
 4.24396  -0.07551
 4.30877  -0.04513
 4.37394  -0.01437
 4.43942   0.01662
 4.50530   0.04771
 4.57268   0.07927
 4.64170   0.11121
 4.71248   0.14337
 4.78517   0.17565
 4.85995   0.20787
 4.93700   0.23990
 5.01647   0.27150
 5.09834   0.30241
 5.18285   0.33242
 5.26941   0.36101
 5.35797   0.38793
 5.44685   0.41247
 5.53601   0.43454
 5.62513   0.45403
 5.71399   0.47087
 5.80257   0.48512
 5.89096   0.49684
 5.97925   0.50611
 6.06735   0.51301
 6.15501   0.51761
 6.24308   0.52007
 6.33165   0.52047
 6.42079   0.51888
 6.51116   0.51537
 6.60294   0.51000
 6.69616   0.50281
 6.79084   0.49391
 6.88745   0.48333
 6.98566   0.47121
 7.08590   0.45760
 7.18823   0.44263
 7.29274   0.42640
 7.39975   0.40901
 7.50902   0.39065
 7.62077   0.37145
 7.73494   0.35159
 7.85141   0.33126
 7.96999   0.31070
 8.09047   0.29009
 8.21286   0.26961
 8.33729   0.24940
 8.46394   0.22958
 8.59345   0.21019
 8.72656   0.19126
 8.86444   0.17279
 9.00849   0.15477
 9.15899   0.13735
 9.31098   0.12123
 9.45625   0.10716
 9.59318   0.09506
 9.72369   0.08453
 9.84951   0.07528
 9.97186   0.06707
 10.09155   0.05975
 10.20922   0.05320
 10.32533   0.04733
 10.44024   0.04205
 10.55428   0.03730
 10.66770   0.03303
 10.78072   0.02917
 10.89354   0.02570
 11.00635   0.02257
 11.11931   0.01975
 11.23257   0.01720
 11.34628   0.01489
 11.46058   0.01281
 11.57561   0.01092
 11.69150   0.00921
 11.80840   0.00764
 11.92643   0.00620
 12.04573   0.00486
 12.16639   0.00361
 12.28848   0.00243
 12.41200   0.00128
 12.53675   0.00016
 12.57051  -0.00015
