 0.00010   0.00008
 0.00017   0.00014
 0.00023   0.00019
 0.00029   0.00024
 0.00040   0.00033
 0.00050   0.00042
 0.00060   0.00050
 0.00069   0.00058
 0.00090   0.00075
 0.00113   0.00094
 0.00138   0.00115
 0.00192   0.00160
 0.00214   0.00179
 0.00236   0.00197
 0.00289   0.00241
 0.00323   0.00270
 0.00355   0.00296
 0.00395   0.00330
 0.00435   0.00363
 0.00480   0.00400
 0.00535   0.00447
 0.00591   0.00493
 0.00694   0.00579
 0.00792   0.00661
 0.00901   0.00751
 0.00999   0.00833
 0.01850   0.01540
 0.01987   0.01653
 0.02059   0.01713
 0.02125   0.01767
 0.02784   0.02312
 0.02912   0.02417
 0.02998   0.02488
 0.03084   0.02559
 0.03215   0.02667
 0.03636   0.03014
 0.03827   0.03171
 0.03935   0.03259
 0.03996   0.03309
 0.04058   0.03360
 0.04158   0.03442
 0.04654   0.03848
 0.04893   0.04044
 0.05132   0.04239
 0.05378   0.04439
 0.05726   0.04723
 0.05922   0.04882
 0.06119   0.05041
 0.06355   0.05233
 0.06714   0.05524
 0.06924   0.05694
 0.07135   0.05864
 0.07354   0.06041
 0.07745   0.06356
 0.08002   0.06562
 0.08259   0.06768
 0.08695   0.07118
 0.08972   0.07339
 0.09248   0.07560
 0.09555   0.07805
 0.09922   0.08097
 0.10250   0.08358
 0.10550   0.08595
 0.10899   0.08871
 0.11210   0.09116
 0.11509   0.09352
 0.12002   0.09740
 0.12494   0.10126
 0.12883   0.10429
 0.13271   0.10732
 0.13621   0.11004
 0.13925   0.11240
 0.14229   0.11476
 0.14552   0.11725
 0.14874   0.11973
 0.15196   0.12221
 0.15634   0.12558
 0.15923   0.12779
 0.16211   0.13000
 0.16534   0.13246
 0.16948   0.13562
 0.17362   0.13876
 0.17839   0.14237
 0.18331   0.14608
 0.18808   0.14967
 0.19403   0.15413
 0.19945   0.15817
 0.20750   0.16415
 0.21409   0.16902
 0.21836   0.17216
 0.22263   0.17529
 0.22833   0.17946
 0.23587   0.18494
 0.23947   0.18755
 0.24308   0.19016
 0.24790   0.19363
 0.25461   0.19845
 0.25994   0.20225
 0.26527   0.20604
 0.27587   0.21352
 0.28612   0.22070
 0.29637   0.22783
 0.30676   0.23499
 0.31631   0.24151
 0.32524   0.24758
 0.33681   0.25535
 0.34655   0.26185
 0.35566   0.26787
 0.36599   0.27464
 0.37677   0.28164
 0.38633   0.28780
 0.39590   0.29391
 0.40723   0.30107
 0.41882   0.30832
 0.42682   0.31328
 0.43402   0.31771
 0.44138   0.32221
 0.44854   0.32655
 0.45691   0.33159
 0.46527   0.33659
 0.47589   0.34288
 0.48695   0.34936
 0.49801   0.35576
 0.50902   0.36207
 0.51772   0.36700
 0.52642   0.37189
 0.53627   0.37737
 0.54831   0.38399
 0.55901   0.38981
 0.56971   0.39555
 0.57866   0.40031
 0.58761   0.40501
 0.59925   0.41106
 0.61214   0.41767
 0.62937   0.42635
 0.63867   0.43096
 0.64797   0.43551
 0.65910   0.44091
 0.67024   0.44623
 0.68190   0.45172
 0.69772   0.45904
 0.70826   0.46384
 0.71879   0.46857
 0.73236   0.47457
 0.74936   0.48192
 0.76200   0.48729
 0.77465   0.49256
 0.78709   0.49766
 0.81062   0.50706
 0.83024   0.51464
 0.84985   0.52201
 0.87036   0.52948
 0.89010   0.53645
 0.90983   0.54319
 0.93078   0.55011
 0.95032   0.55635
 0.96910   0.56215
 0.98788   0.56775
 1.00678   0.57320
 1.01960   0.57678
 1.03241   0.58028
 1.04539   0.58373
 1.05949   0.58738
 1.07608   0.59153
 1.08886   0.59464
 1.10164   0.59766
 1.11327   0.60034
 1.12538   0.60305
 1.13999   0.60623
 1.15719   0.60983
 1.17482   0.61337
 1.18826   0.61596
 1.20169   0.61846
 1.21401   0.62068
 1.22754   0.62303
 1.24804   0.62642
 1.26854   0.62962
 1.29024   0.63278
 1.30738   0.63513
 1.32452   0.63734
 1.33880   0.63908
 1.35309   0.64073
 1.36796   0.64236
 1.39094   0.64467
 1.41406   0.64676
 1.43783   0.64868
 1.45895   0.65019
 1.48008   0.65151
 1.50776   0.65296
 1.52789   0.65383
 1.54801   0.65453
 1.57143   0.65516
 1.59380   0.65556
 1.63720   0.65581
 1.65915   0.65568
 1.68110   0.65538
 1.70481   0.65487
 1.72804   0.65418
 1.75557   0.65314
 1.78118   0.65195
 1.80954   0.65040
 1.84238   0.64829
 1.86958   0.64630
 1.89678   0.64410
 1.92535   0.64157
 1.95648   0.63857
 1.98691   0.63539
 2.01793   0.63191
 2.05070   0.62798
 2.09867   0.62179
 2.14369   0.61553
 2.18844   0.60889
 2.23188   0.60209
 2.30738   0.58948
 2.39285   0.57414
 2.49465   0.55461
 2.59933   0.53336
 2.69489   0.51316
 2.80133   0.48999
 2.90713   0.46652
 3.01544   0.44224
 3.13134   0.41624
 3.24750   0.39038
 3.36289   0.36508
 3.48482   0.33896
 3.60559   0.31387
 3.72875   0.28924
 3.85383   0.26530
 3.98573   0.24135
 4.12053   0.21830
 4.26098   0.19588
 4.40801   0.17416
 4.55543   0.15417
 4.69496   0.13687
 4.82705   0.12190
 4.95431   0.10871
 5.07660   0.09713
 5.19593   0.08682
 5.31273   0.07760
 5.42748   0.06935
 5.54086   0.06194
 5.65308   0.05527
 5.76441   0.04927
 5.87515   0.04387
 5.98549   0.03900
 6.09563   0.03462
 6.20574   0.03068
 6.31596   0.02714
 6.42645   0.02396
 6.53734   0.02110
 6.64876   0.01854
 6.76084   0.01625
 6.87371   0.01421
 6.98747   0.01239
 7.10227   0.01077
 7.21823   0.00933
 7.33546   0.00806
 7.45411   0.00694
 7.57431   0.00595
 7.69619   0.00509
 7.81991   0.00433
 7.94561   0.00367
 8.07347   0.00310
 8.20365   0.00260
 8.33634   0.00218
 8.47173   0.00182
 8.61004   0.00151
 8.75147   0.00125
 8.89627   0.00104
 9.04467   0.00086
 9.19689   0.00073
 9.35313   0.00062
 9.51350   0.00055
 9.67792   0.00050
 9.84590   0.00049
 10.01621   0.00051
 10.18665   0.00056
 10.35419   0.00065
 10.38885   0.00068
