 0.00018   0.00000
 0.00023   0.00000
 0.00028   0.00000
 0.00034   0.00000
 0.00041   0.00000
 0.00049   0.00000
 0.00059   0.00000
 0.00069   0.00000
 0.00082   0.00000
 0.00096   0.00000
 0.00112   0.00000
 0.00131   0.00000
 0.00151   0.00000
 0.00174   0.00000
 0.00201   0.00000
 0.00230   0.00000
 0.00262   0.00000
 0.00299   0.00000
 0.00339   0.00000
 0.00383   0.00000
 0.00433   0.00001
 0.00487   0.00001
 0.00546   0.00001
 0.00612   0.00001
 0.00684   0.00002
 0.00762   0.00002
 0.00848   0.00002
 0.00941   0.00003
 0.01044   0.00004
 0.01159   0.00004
 0.01279   0.00005
 0.01410   0.00007
 0.01551   0.00008
 0.01704   0.00010
 0.01868   0.00011
 0.02046   0.00014
 0.02228   0.00016
 0.02433   0.00019
 0.02653   0.00023
 0.02890   0.00027
 0.03143   0.00032
 0.03424   0.00038
 0.03716   0.00045
 0.03953   0.00051
 0.04189   0.00058
 0.04469   0.00065
 0.04834   0.00077
 0.05222   0.00089
 0.05647   0.00104
 0.05964   0.00116
 0.06281   0.00129
 0.06684   0.00146
 0.07195   0.00169
 0.07694   0.00193
 0.08271   0.00223
 0.08951   0.00261
 0.09607   0.00300
 0.10255   0.00342
 0.10857   0.00383
 0.11639   0.00439
 0.12344   0.00493
 0.13006   0.00547
 0.13668   0.00603
 0.14514   0.00679
 0.15360   0.00760
 0.16143   0.00838
 0.16870   0.00914
 0.17690   0.01003
 0.18509   0.01096
 0.19470   0.01210
 0.20456   0.01333
 0.21410   0.01458
 0.22001   0.01537
 0.22592   0.01619
 0.23549   0.01755
 0.24506   0.01896
 0.25656   0.02073
 0.27293   0.02337
 0.28930   0.02615
 0.29937   0.02793
 0.30944   0.02976
 0.32003   0.03175
 0.32893   0.03346
 0.33782   0.03521
 0.34958   0.03758
 0.36036   0.03981
 0.37049   0.04196
 0.37976   0.04397
 0.39051   0.04635
 0.40022   0.04855
 0.40891   0.05055
 0.41760   0.05258
 0.42573   0.05451
 0.42956   0.05543
 0.43340   0.05636
 0.43842   0.05758
 0.46023   0.06302
 0.46955   0.06540
 0.47888   0.06782
 0.49061   0.07091
 0.49974   0.07334
 0.50886   0.07581
 0.51880   0.07854
 0.52873   0.08129
 0.53893   0.08416
 0.54913   0.08706
 0.56252   0.09092
 0.57551   0.09472
 0.58921   0.09878
 0.60501   0.10353
 0.61931   0.10790
 0.63666   0.11326
 0.65290   0.11836
 0.66830   0.12324
 0.68370   0.12818
 0.69773   0.13273
 0.71874   0.13961
 0.73909   0.14634
 0.75962   0.15321
 0.77877   0.15967
 0.79792   0.16617
 0.81721   0.17276
 0.83616   0.17928
 0.85441   0.18557
 0.86837   0.19040
 0.88233   0.19524
 0.90022   0.20145
 0.91811   0.20767
 0.93779   0.21451
 0.95825   0.22162
 0.97970   0.22906
 1.00005   0.23610
 1.02041   0.24311
 1.04083   0.25011
 1.06038   0.25677
 1.08434   0.26488
 1.10700   0.27247
 1.12848   0.27960
 1.15060   0.28686
 1.16881   0.29277
 1.18703   0.29862
 1.20640   0.30476
 1.22620   0.31094
 1.24627   0.31712
 1.26669   0.32330
 1.28772   0.32955
 1.31004   0.33604
 1.32812   0.34119
 1.34620   0.34624
 1.36582   0.35160
 1.38636   0.35707
 1.40796   0.36267
 1.43157   0.36860
 1.45292   0.37379
 1.47262   0.37842
 1.49074   0.38254
 1.51023   0.38683
 1.54001   0.39308
 1.56922   0.39884
 1.59423   0.40348
 1.61925   0.40784
 1.64738   0.41240
 1.66896   0.41565
 1.69054   0.41868
 1.71958   0.42239
 1.74911   0.42575
 1.77763   0.42857
 1.80421   0.43084
 1.83120   0.43277
 1.85820   0.43432
 1.88612   0.43553
 1.91140   0.43627
 1.93699   0.43668
 1.95983   0.43675
 1.98268   0.43655
 2.00359   0.43612
 2.04638   0.43451
 2.08651   0.43213
 2.12664   0.42889
 2.15945   0.42561
 2.19227   0.42177
 2.22639   0.41720
 2.26220   0.41175
 2.30399   0.40458
 2.34511   0.39669
 2.38707   0.38779
 2.43767   0.37595
 2.49332   0.36160
 2.54897   0.34590
 2.60671   0.32825
 2.66414   0.30941
 2.72156   0.28937
 2.77695   0.26898
 2.84114   0.24415
 2.90079   0.22004
 2.96000   0.19523
 3.01974   0.16940
 3.07980   0.14277
 3.13979   0.11560
 3.19963   0.08804
 3.25926   0.06025
 3.31864   0.03234
 3.37769   0.00447
 3.43638  -0.02324
 3.49529  -0.05098
 3.55571  -0.07925
 3.61771  -0.10795
 3.68138  -0.13701
 3.74685  -0.16633
 3.81422  -0.19581
 3.88355  -0.22529
 3.95484  -0.25459
 4.02839  -0.28361
 4.10515  -0.31250
 4.18282  -0.34015
 4.26300  -0.36694
 4.34477  -0.39232
 4.42693  -0.41580
 4.50939  -0.43725
 4.59442  -0.45712
 4.67642  -0.47409
 4.75681  -0.48865
 4.83746  -0.50120
 4.91832  -0.51173
 4.99969  -0.52031
 5.08060  -0.52687
 5.16056  -0.53148
 5.24023  -0.53430
 5.31982  -0.53541
 5.39954  -0.53490
 5.47999  -0.53283
 5.56156  -0.52922
 5.64423  -0.52412
 5.72783  -0.51759
 5.81344  -0.50959
 5.90051  -0.50021
 5.98984  -0.48942
 6.08072  -0.47738
 6.17319  -0.46415
 6.26714  -0.44987
 6.36244  -0.43464
 6.46007  -0.41844
 6.55917  -0.40151
 6.65999  -0.38393
 6.76261  -0.36582
 6.86753  -0.34723
 6.97384  -0.32843
 7.08203  -0.30948
 7.19181  -0.29055
 7.30309  -0.27178
 7.41615  -0.25324
 7.53109  -0.23502
 7.64839  -0.21715
 7.76857  -0.19966
 7.89248  -0.18255
 8.02108  -0.16581
 8.15472  -0.14954
 8.29096  -0.13413
 8.42382  -0.12024
 8.54972  -0.10809
 8.66937  -0.09743
 8.78414  -0.08799
 8.89516  -0.07957
 9.00326  -0.07199
 9.10903  -0.06516
 9.21295  -0.05898
 9.31535  -0.05337
 9.41654  -0.04827
 9.51675  -0.04363
 9.61619  -0.03941
 9.71504  -0.03556
 9.81345  -0.03206
 9.91156  -0.02887
 10.00950  -0.02596
 10.10740  -0.02331
 10.20534  -0.02091
 10.30345  -0.01871
 10.40181  -0.01672
 10.50052  -0.01492
 10.59968  -0.01328
 10.69936  -0.01179
 10.79967  -0.01044
 10.90069  -0.00923
 11.00251  -0.00813
 11.10521  -0.00714
 11.20890  -0.00624
 11.31366  -0.00543
 11.41959  -0.00471
 11.52681  -0.00405
 11.63541  -0.00347
 11.74552  -0.00293
 11.85726  -0.00245
 11.97076  -0.00202
 12.08618  -0.00162
 12.20366  -0.00125
 12.32337  -0.00091
 12.44543  -0.00058
 12.56991  -0.00027
 12.57051  -0.00026
