 0.00018   0.00000
 0.00023   0.00000
 0.00028   0.00000
 0.00034   0.00000
 0.00041   0.00000
 0.00049   0.00000
 0.00059   0.00000
 0.00069   0.00000
 0.00082   0.00000
 0.00096   0.00000
 0.00112   0.00000
 0.00131   0.00000
 0.00151   0.00000
 0.00174   0.00000
 0.00201   0.00000
 0.00230   0.00000
 0.00262   0.00000
 0.00299   0.00000
 0.00339   0.00001
 0.00383   0.00001
 0.00433   0.00001
 0.00487   0.00001
 0.00546   0.00001
 0.00612   0.00002
 0.00684   0.00002
 0.00762   0.00003
 0.00848   0.00003
 0.00942   0.00004
 0.01044   0.00005
 0.01159   0.00006
 0.01280   0.00008
 0.01410   0.00009
 0.01551   0.00011
 0.01704   0.00014
 0.01868   0.00016
 0.02046   0.00020
 0.02229   0.00023
 0.02434   0.00028
 0.02654   0.00033
 0.02891   0.00039
 0.03145   0.00046
 0.03423   0.00055
 0.03715   0.00064
 0.03952   0.00073
 0.04190   0.00082
 0.04470   0.00093
 0.04836   0.00109
 0.05226   0.00127
 0.05645   0.00148
 0.05967   0.00165
 0.06289   0.00183
 0.06699   0.00208
 0.07214   0.00241
 0.07746   0.00278
 0.08331   0.00321
 0.08991   0.00373
 0.09658   0.00430
 0.10358   0.00494
 0.11138   0.00570
 0.11919   0.00652
 0.12785   0.00748
 0.13528   0.00836
 0.13970   0.00891
 0.14412   0.00947
 0.15104   0.01038
 0.15739   0.01126
 0.16602   0.01250
 0.17400   0.01370
 0.18130   0.01484
 0.18860   0.01602
 0.19826   0.01766
 0.20792   0.01936
 0.21795   0.02121
 0.22807   0.02315
 0.23845   0.02521
 0.24929   0.02746
 0.25736   0.02918
 0.26543   0.03095
 0.27464   0.03302
 0.28510   0.03544
 0.29604   0.03805
 0.30732   0.04083
 0.31861   0.04368
 0.32887   0.04634
 0.33913   0.04906
 0.35232   0.05265
 0.36624   0.05654
 0.37906   0.06021
 0.38952   0.06326
 0.39998   0.06637
 0.40889   0.06906
 0.41780   0.07178
 0.42715   0.07467
 0.43434   0.07693
 0.44153   0.07920
 0.44911   0.08161
 0.45921   0.08486
 0.46930   0.08815
 0.48249   0.09249
 0.49470   0.09656
 0.50681   0.10064
 0.52260   0.10601
 0.53840   0.11145
 0.55265   0.11639
 0.56665   0.12128
 0.57860   0.12547
 0.59056   0.12969
 0.60202   0.13373
 0.61590   0.13865
 0.63038   0.14379
 0.64392   0.14859
 0.65669   0.15312
 0.66831   0.15724
 0.67993   0.16134
 0.69622   0.16708
 0.70870   0.17145
 0.71966   0.17527
 0.73062   0.17907
 0.74198   0.18298
 0.75712   0.18816
 0.77438   0.19398
 0.79028   0.19928
 0.80698   0.20476
 0.82420   0.21031
 0.84029   0.21539
 0.85748   0.22071
 0.87568   0.22621
 0.89332   0.23139
 0.90772   0.23550
 0.92211   0.23950
 0.93672   0.24346
 0.95433   0.24806
 0.96883   0.25171
 0.98333   0.25524
 0.99800   0.25867
 1.02092   0.26374
 1.03648   0.26699
 1.04986   0.26964
 1.06325   0.27216
 1.07652   0.27454
 1.09376   0.27742
 1.10992   0.27991
 1.13384   0.28323
 1.16100   0.28643
 1.17900   0.28821
 1.19700   0.28971
 1.21573   0.29098
 1.23421   0.29193
 1.24844   0.29245
 1.26268   0.29280
 1.27868   0.29296
 1.29716   0.29287
 1.31563   0.29246
 1.33455   0.29171
 1.35355   0.29063
 1.37590   0.28893
 1.39839   0.28676
 1.42028   0.28418
 1.44218   0.28117
 1.46207   0.27805
 1.48062   0.27481
 1.50402   0.27029
 1.53603   0.26330
 1.56526   0.25613
 1.59594   0.24782
 1.62510   0.23919
 1.65857   0.22845
 1.69039   0.21742
 1.72575   0.20429
 1.76505   0.18867
 1.80140   0.17334
 1.83774   0.15721
 1.87348   0.14066
 1.91473   0.12079
 1.95527   0.10056
 1.99498   0.08020
 2.03427   0.05961
 2.07315   0.03893
 2.11153   0.01831
 2.14949  -0.00218
 2.18714  -0.02249
 2.22485  -0.04272
 2.26289  -0.06291
 2.30128  -0.08297
 2.33992  -0.10273
 2.37860  -0.12197
 2.41731  -0.14060
 2.45621  -0.15858
 2.49574  -0.17600
 2.53563  -0.19262
 2.57561  -0.20821
 2.61550  -0.22262
 2.65527  -0.23577
 2.69495  -0.24762
 2.73458  -0.25812
 2.77417  -0.26721
 2.81323  -0.27479
 2.85104  -0.28076
 2.88684  -0.28515
 2.92133  -0.28821
 2.95663  -0.29014
 2.99037  -0.29084
 3.02395  -0.29042
 3.06058  -0.28871
 3.09469  -0.28594
 3.13090  -0.28179
 3.16620  -0.27654
 3.20186  -0.27008
 3.23870  -0.26220
 3.27493  -0.25329
 3.31314  -0.24271
 3.35167  -0.23086
 3.39008  -0.21791
 3.42846  -0.20392
 3.46717  -0.18881
 3.50645  -0.17254
 3.54623  -0.15518
 3.58627  -0.13689
 3.62643  -0.11784
 3.66663  -0.09816
 3.70680  -0.07798
 3.74688  -0.05744
 3.78681  -0.03669
 3.82657  -0.01584
 3.86612   0.00498
 3.90543   0.02565
 3.94499   0.04632
 3.98500   0.06700
 4.02545   0.08756
 4.06633   0.10789
 4.10759   0.12783
 4.14916   0.14725
 4.19096   0.16598
 4.23298   0.18392
 4.27520   0.20093
 4.31747   0.21688
 4.35935   0.23151
 4.40086   0.24481
 4.44212   0.25677
 4.48312   0.26736
 4.52381   0.27653
 4.56412   0.28428
 4.60400   0.29060
 4.64337   0.29550
 4.68217   0.29901
 4.72033   0.30118
 4.75778   0.30207
 4.79464   0.30173
 4.83186   0.30020
 4.86939   0.29743
 4.90718   0.29343
 4.94554   0.28814
 4.98471   0.28150
 5.02452   0.27349
 5.06488   0.26412
 5.10571   0.25341
 5.14696   0.24139
 5.18859   0.22810
 5.23059   0.21358
 5.27307   0.19784
 5.31601   0.18093
 5.35924   0.16298
 5.40261   0.14414
 5.44619   0.12447
 5.48984   0.10413
 5.53346   0.08327
 5.57703   0.06201
 5.62047   0.04051
 5.66374   0.01889
 5.70682  -0.00273
 5.74967  -0.02422
 5.79278  -0.04572
 5.83644  -0.06727
 5.88065  -0.08876
 5.92542  -0.11006
 5.97072  -0.13106
 6.01652  -0.15158
 6.06276  -0.17150
 6.10936  -0.19064
 6.15616  -0.20882
 6.20313  -0.22594
 6.25007  -0.24182
 6.29678  -0.25633
 6.34330  -0.26944
 6.38947  -0.28105
 6.43510  -0.29113
 6.48044  -0.29970
 6.52514  -0.30673
 6.56947  -0.31227
 6.61315  -0.31633
 6.65643  -0.31896
 6.69922  -0.32021
 6.74142  -0.32012
 6.78329  -0.31875
 6.82582  -0.31605
 6.86895  -0.31200
 6.91259  -0.30657
 6.95693  -0.29973
 7.00186  -0.29146
 7.04740  -0.28176
 7.09353  -0.27063
 7.14027  -0.25808
 7.18749  -0.24416
 7.23526  -0.22890
 7.28352  -0.21235
 7.33216  -0.19462
 7.38111  -0.17580
 7.43031  -0.15601
 7.47967  -0.13536
 7.52913  -0.11400
 7.57862  -0.09206
 7.62807  -0.06968
 7.67743  -0.04700
 7.72667  -0.02416
 7.77575  -0.00127
 7.82465   0.02154
 7.87378   0.04436
 7.92367   0.06732
 7.97435   0.09032
 8.02583   0.11323
 8.07813   0.13593
 8.13123   0.15828
 8.18510   0.18011
 8.23969   0.20127
 8.29487   0.22155
 8.35053   0.24080
 8.40647   0.25882
 8.46255   0.27547
 8.51855   0.29060
 8.57433   0.30412
 8.62978   0.31598
 8.68480   0.32615
 8.73938   0.33462
 8.79345   0.34140
 8.84704   0.34653
 8.90015   0.35005
 8.95275   0.35199
 9.00491   0.35240
 9.05665   0.35135
 9.10883   0.34883
 9.16178   0.34481
 9.21551   0.33924
 9.27005   0.33211
 9.32536   0.32341
 9.38145   0.31312
 9.43828   0.30127
 9.49584   0.28787
 9.55408   0.27297
 9.61296   0.25662
 9.67242   0.23889
 9.73239   0.21986
 9.79282   0.19965
 9.85364   0.17836
 9.91479   0.15611
 9.97621   0.13302
 10.03786   0.10923
 10.09969   0.08487
 10.16167   0.06005
 10.22380   0.03492
 10.28605   0.00957
 10.34844  -0.01587
 10.41112  -0.04137
 10.47529  -0.06729
 10.54106  -0.09355
 10.60855  -0.12005
 10.67791  -0.14670
 10.74927  -0.17340
 10.82280  -0.20000
 10.89864  -0.22636
 10.97689  -0.25230
 11.05755  -0.27758
 11.14043  -0.30192
 11.22510  -0.32498
 11.31094  -0.34642
 11.39724  -0.36594
 11.48347  -0.38339
 11.56931  -0.39869
 11.65467  -0.41185
 11.73959  -0.42294
 11.82413  -0.43203
 11.90844  -0.43918
 11.99262  -0.44450
 12.07678  -0.44804
 12.16106  -0.44988
 12.24552  -0.45011
 12.33029  -0.44879
 12.41631  -0.44597
 12.50382  -0.44167
 12.59281  -0.43594
 12.68336  -0.42882
 12.77553  -0.42037
 12.86942  -0.41066
 12.96511  -0.39974
 13.06270  -0.38771
 13.16228  -0.37464
 13.26396  -0.36063
 13.36782  -0.34578
 13.47390  -0.33020
 13.58217  -0.31403
 13.69257  -0.29741
 13.80498  -0.28049
 13.91929  -0.26343
 14.03542  -0.24637
 14.15333  -0.22944
 14.27313  -0.21274
 14.39513  -0.19635
 14.51983  -0.18031
 14.64799  -0.16462
 14.78064  -0.14930
 14.91895  -0.13434
 15.06304  -0.11987
 15.20840  -0.10643
 15.34772  -0.09461
 15.47929  -0.08438
 15.60469  -0.07544
 15.72549  -0.06755
 15.84284  -0.06052
 15.95754  -0.05423
 16.07015  -0.04857
 16.18114  -0.04348
 16.29087  -0.03888
 16.39961  -0.03472
 16.50763  -0.03095
 16.61514  -0.02754
 16.72231  -0.02445
 16.82932  -0.02165
 16.93632  -0.01911
 17.04344  -0.01680
 17.15083  -0.01470
 17.25861  -0.01279
 17.36690  -0.01105
 17.47581  -0.00946
 17.58548  -0.00800
 17.69600  -0.00666
 17.80748  -0.00541
 17.92003  -0.00425
 18.03371  -0.00315
 18.14856  -0.00210
 18.26451  -0.00108
 18.38135  -0.00008
 18.40448   0.00012
