 0.00010   0.00007
 0.00019   0.00013
 0.00029   0.00020
 0.00038   0.00026
 0.00049   0.00033
 0.00061   0.00042
 0.00072   0.00049
 0.00094   0.00064
 0.00113   0.00078
 0.00133   0.00091
 0.00196   0.00135
 0.00222   0.00152
 0.00245   0.00168
 0.00283   0.00194
 0.00321   0.00220
 0.00362   0.00248
 0.00397   0.00273
 0.00433   0.00297
 0.00477   0.00328
 0.00541   0.00372
 0.00591   0.00406
 0.00641   0.00440
 0.00696   0.00478
 0.00789   0.00542
 0.00883   0.00606
 0.00982   0.00674
 0.01043   0.00716
 0.01099   0.00753
 0.01651   0.01131
 0.01871   0.01281
 0.01981   0.01356
 0.02041   0.01397
 0.02095   0.01434
 0.02640   0.01804
 0.02839   0.01939
 0.02950   0.02014
 0.03060   0.02089
 0.03180   0.02170
 0.03556   0.02424
 0.03931   0.02677
 0.04100   0.02791
 0.04269   0.02904
 0.04565   0.03104
 0.04862   0.03302
 0.04969   0.03374
 0.05076   0.03446
 0.05189   0.03521
 0.05604   0.03798
 0.05838   0.03954
 0.06001   0.04062
 0.06164   0.04171
 0.06846   0.04622
 0.07197   0.04853
 0.07548   0.05084
 0.07937   0.05339
 0.08194   0.05507
 0.08430   0.05662
 0.08898   0.05966
 0.09193   0.06157
 0.09477   0.06340
 0.09916   0.06624
 0.10243   0.06833
 0.10537   0.07022
 0.10986   0.07308
 0.11436   0.07594
 0.12000   0.07950
 0.12848   0.08483
 0.13256   0.08737
 0.13664   0.08989
 0.14439   0.09467
 0.14905   0.09752
 0.15370   0.10035
 0.15813   0.10303
 0.16314   0.10604
 0.16815   0.10903
 0.17324   0.11206
 0.17834   0.11506
 0.18335   0.11800
 0.18822   0.12083
 0.19371   0.12400
 0.19888   0.12696
 0.20505   0.13047
 0.21101   0.13382
 0.21834   0.13791
 0.22498   0.14156
 0.23103   0.14487
 0.23797   0.14861
 0.24449   0.15209
 0.24882   0.15437
 0.25315   0.15664
 0.25796   0.15914
 0.26545   0.16299
 0.27098   0.16580
 0.27652   0.16858
 0.28457   0.17256
 0.28954   0.17499
 0.29452   0.17740
 0.29984   0.17994
 0.30516   0.18246
 0.31012   0.18478
 0.31509   0.18708
 0.32557   0.19183
 0.33604   0.19647
 0.34641   0.20095
 0.35678   0.20530
 0.36670   0.20936
 0.37597   0.21305
 0.38569   0.21681
 0.39443   0.22010
 0.40092   0.22249
 0.40696   0.22466
 0.41758   0.22839
 0.42381   0.23050
 0.43003   0.23258
 0.43639   0.23465
 0.44779   0.23824
 0.45861   0.24150
 0.46968   0.24469
 0.48213   0.24810
 0.49033   0.25023
 0.49825   0.25222
 0.51243   0.25558
 0.52662   0.25869
 0.53949   0.26129
 0.55020   0.26329
 0.55857   0.26475
 0.56693   0.26612
 0.57750   0.26773
 0.58852   0.26925
 0.59879   0.27053
 0.60906   0.27168
 0.62226   0.27295
 0.64000   0.27430
 0.64985   0.27488
 0.65969   0.27533
 0.67992   0.27588
 0.68904   0.27595
 0.69815   0.27592
 0.70797   0.27577
 0.71779   0.27549
 0.73010   0.27498
 0.74186   0.27431
 0.75363   0.27348
 0.76498   0.27250
 0.77781   0.27122
 0.79696   0.26892
 0.81249   0.26674
 0.82803   0.26427
 0.84737   0.26080
 0.86615   0.25702
 0.88425   0.25300
 0.89893   0.24947
 0.91362   0.24571
 0.92875   0.24160
 0.94813   0.23598
 0.96750   0.22998
 0.98896   0.22290
 1.01339   0.21432
 1.03541   0.20612
 1.05745   0.19748
 1.08136   0.18766
 1.10573   0.17719
 1.12972   0.16645
 1.15883   0.15289
 1.18814   0.13870
 1.21769   0.12389
 1.24790   0.10830
 1.27954   0.09154
 1.31391   0.07292
 1.35048   0.05272
 1.38796   0.03174
 1.42542   0.01058
 1.46376  -0.01113
 1.50192  -0.03268
 1.54052  -0.05428
 1.57939  -0.07572
 1.61808  -0.09661
 1.65639  -0.11676
 1.69617  -0.13697
 1.73656  -0.15665
 1.77662  -0.17520
 1.81641  -0.19258
 1.85641  -0.20889
 1.89622  -0.22388
 1.93618  -0.23758
 1.97593  -0.24982
 2.01595  -0.26066
 2.05547  -0.26985
 2.09595  -0.27767
 2.13449  -0.28356
 2.16928  -0.28757
 2.20297  -0.29024
 2.23705  -0.29174
 2.26953  -0.29203
 2.30253  -0.29119
 2.34380  -0.28855
 2.38192  -0.28455
 2.41883  -0.27929
 2.45380  -0.27306
 2.49122  -0.26510
 2.52864  -0.25583
 2.56521  -0.24557
 2.60520  -0.23305
 2.64553  -0.21911
 2.68588  -0.20393
 2.72630  -0.18759
 2.76681  -0.17016
 2.80742  -0.15173
 2.84814  -0.13241
 2.88898  -0.11228
 2.93017  -0.09134
 2.97162  -0.06975
 3.01328  -0.04765
 3.05499  -0.02524
 3.09665  -0.00272
 3.13820   0.01976
 3.17985   0.04218
 3.22191   0.06458
 3.26438   0.08682
 3.30728   0.10877
 3.35045   0.13022
 3.39382   0.15098
 3.43763   0.17103
 3.48126   0.18998
 3.52487   0.20777
 3.56892   0.22448
 3.61183   0.23946
 3.65482   0.25309
 3.69809   0.26536
 3.73999   0.27577
 3.78137   0.28461
 3.82263   0.29194
 3.86376   0.29775
 3.90476   0.30202
 3.94545   0.30476
 3.98550   0.30598
 4.02513   0.30575
 4.06462   0.30410
 4.10472   0.30100
 4.14522   0.29643
 4.18604   0.29038
 4.22713   0.28287
 4.26847   0.27392
 4.31009   0.26354
 4.35230   0.25168
 4.39528   0.23830
 4.43892   0.22343
 4.48258   0.20734
 4.52693   0.18988
 4.57163   0.17122
 4.61664   0.15146
 4.66197   0.13071
 4.70750   0.10913
 4.75316   0.08687
 4.79893   0.06406
 4.84470   0.04088
 4.89047   0.01747
 4.93618  -0.00600
 4.98181  -0.02939
 5.02780  -0.05281
 5.07431  -0.07620
 5.12134  -0.09941
 5.16886  -0.12228
 5.21683  -0.14465
 5.26523  -0.16635
 5.31397  -0.18720
 5.36291  -0.20701
 5.41190  -0.22559
 5.46080  -0.24279
 5.50948  -0.25849
 5.55785  -0.27259
 5.60598  -0.28507
 5.65383  -0.29589
 5.70124  -0.30500
 5.74806  -0.31238
 5.79446  -0.31809
 5.84060  -0.32216
 5.88611  -0.32459
 5.93140  -0.32545
 5.97620  -0.32478
 6.02113  -0.32260
 6.06648  -0.31888
 6.11245  -0.31359
 6.15895  -0.30672
 6.20590  -0.29826
 6.25358  -0.28818
 6.30180  -0.27651
 6.35052  -0.26329
 6.39973  -0.24854
 6.44947  -0.23232
 6.49970  -0.21468
 6.55039  -0.19572
 6.60147  -0.17553
 6.65290  -0.15423
 6.70462  -0.13196
 6.75655  -0.10886
 6.80863  -0.08510
 6.86079  -0.06083
 6.91300  -0.03620
 6.96523  -0.01137
 7.01745   0.01352
 7.06968   0.03834
 7.12263   0.06330
 7.17634   0.08826
 7.23082   0.11309
 7.28607   0.13762
 7.34210   0.16170
 7.39884   0.18512
 7.45622   0.20770
 7.51416   0.22925
 7.57247   0.24954
 7.63099   0.26839
 7.68956   0.28564
 7.74803   0.30117
 7.80630   0.31490
 7.86427   0.32675
 7.92185   0.33671
 7.97899   0.34476
 8.03575   0.35094
 8.09215   0.35527
 8.14813   0.35777
 8.20379   0.35851
 8.25913   0.35752
 8.31473   0.35483
 8.37105   0.35040
 8.42804   0.34421
 8.48579   0.33625
 8.54428   0.32650
 8.60348   0.31499
 8.66338   0.30175
 8.72397   0.28679
 8.78523   0.27019
 8.84713   0.25201
 8.90962   0.23233
 8.97265   0.21126
 9.03618   0.18892
 9.10018   0.16543
 9.16460   0.14091
 9.22941   0.11552
 9.29458   0.08939
 9.36011   0.06266
 9.42598   0.03546
 9.49221   0.00794
 9.55882  -0.01977
 9.62605  -0.04765
 9.69481  -0.07592
 9.76523  -0.10447
 9.83745  -0.13320
 9.91164  -0.16197
 9.98798  -0.19065
 10.06662  -0.21907
 10.14771  -0.24705
 10.23131  -0.27434
 10.31733  -0.30065
 10.40542  -0.32561
 10.49503  -0.34887
 10.58544  -0.37007
 10.67602  -0.38899
 10.76639  -0.40552
 10.85638  -0.41966
 10.94599  -0.43146
 11.03532  -0.44099
 11.12449  -0.44834
 11.21365  -0.45359
 11.30294  -0.45685
 11.39249  -0.45818
 11.48245  -0.45768
 11.57315  -0.45542
 11.66525  -0.45145
 11.75883  -0.44583
 11.85399  -0.43860
 11.95081  -0.42986
 12.04942  -0.41966
 12.14999  -0.40809
 12.25263  -0.39524
 12.35749  -0.38120
 12.46472  -0.36609
 12.57441  -0.35003
 12.68663  -0.33314
 12.80136  -0.31560
 12.91848  -0.29757
 13.03782  -0.27924
 13.15923  -0.26081
 13.28258  -0.24245
 13.40790  -0.22429
 13.53544  -0.20644
 13.66568  -0.18897
 13.79939  -0.17191
 13.93773  -0.15524
 14.08218  -0.13894
 14.23377  -0.12309
 14.38898  -0.10818
 14.53845  -0.09506
 14.67889  -0.08380
 14.81217  -0.07403
 14.94032  -0.06544
 15.06469  -0.05780
 15.18622  -0.05097
 15.30558  -0.04483
 15.42326  -0.03927
 15.53967  -0.03423
 15.65511  -0.02964
 15.76987  -0.02544
 15.88414  -0.02157
 15.99813  -0.01800
 16.11198  -0.01468
 16.22581  -0.01156
 16.33968  -0.00860
 16.45360  -0.00578
 16.56748  -0.00304
 16.68114  -0.00036
 16.73134   0.00083
